0.5877343806534748305	2.9392838978292892271
0.59402404744547554483	2.5362713011980275724
0.60640428353746933521	2.1373631996878756922
0.6241070976594551567	1.7462443028070719908
0.64497402029034467397	1.3697422788239002056
0.65651501894996067143	1.0205077448708474996
0.60686118054132787147	0.68946224021269975069
0.49311162566710925459	0.28088959849390221502
0.49311162566710925459	-0.28088959849390221502
0.60686118054132787147	-0.68946224021269975069
0.65651501894996067143	-1.0205077448708474996
0.64497402029034467397	-1.3697422788239002056
0.6241070976594551567	-1.7462443028070719908
0.60640428353746933521	-2.1373631996878756922
0.59402404744547554483	-2.5362713011980275724
0.5877343806534748305	-2.9392838978292892271
