0.56843250466210704097	2.961629194806458365
0.57340611449456868609	2.6028094319469672335
0.58332482889512049518	2.246694116386226181
0.59786502697544485763	1.8956187319815045456
0.61646990288119152268	1.5532342290185343625
0.6357412468835852426	1.2271246973544875924
0.63852104712592883118	0.92889054105003687756
0.57519087699926274571	0.63302417042237946188
0.4655583801347956685	0.2584255867243339666
0.4655583801347956685	-0.2584255867243339666
0.57519087699926274571	-0.63302417042237946188
0.63852104712592883118	-0.92889054105003687756
0.6357412468835852426	-1.2271246973544875924
0.61646990288119152268	-1.5532342290185343625
0.59786502697544485763	-1.8956187319815045456
0.58332482889512049518	-2.246694116386226181
0.57340611449456868609	-2.6028094319469672335
0.56843250466210704097	-2.961629194806458365
