0	0
-1.12106317993	1.39801046853
-1.12106317993	-1.39801046853
1.13378862037	-1.51675320568
1.13378862037	1.51675320568
1.4330710367	-1.0515256518
1.4330710367	1.0515256518
-0.580271686173	1.72315269106
-0.580271686173	-1.72315269106
0.0325299610206	1.85209175978
0.0325299610206	-1.85209175978
-1.7369851014	-0.316012788011
-1.7369851014	0.316012788011
1.54000868973	-0.407080377046
1.54000868973	0.407080377046
-1.52294157646	0.910379205679
-1.52294157646	-0.910379205679
0.63629657328	1.77799383853
0.63629657328	-1.77799383853
