40	0.1672	-12.666207	Min
40	1.264	-10.974136	Max
40	3.0774	-11.389875	Min
40	0.001	-3.205716	Max
40	9.9998	-3.3448593	Max
37	0.1672	-12.533486	Min
37	1.2638	-10.841881	Max
37	3.0788	-11.258542	Min
37	0.001	-3.0729311	Max
37	9.9998	-3.2190057	Max
50	0.1672	-13.116603	Min
50	1.2646	-11.423852	Max
50	3.0754	-11.838251	Min
50	0.001	-3.6562076	Max
50	9.9998	-3.7854204	Max
32	0.1672	-12.336598	Min
32	1.2628	-10.64647	Max
32	3.0832	-11.066082	Min
32	0.001	-2.8758385	Max
32	9.9998	-3.0445879	Max
30	0.1672	-12.274771	Min
30	1.262	-10.585696	Max
30	3.0864	-11.007437	Min
30	0.001	-2.8138647	Max
30	9.9998	-2.9993206	Max
28	0.1672	-12.229221	Min
28	1.261	-10.541683	Max
28	3.091	-10.966556	Min
28	0.001	-2.7681022	Max
28	9.9998	-2.9785177	Max
25	0.1674	-12.206123	Min
25	1.2584	-10.52243	Max
25	3.103	-10.955262	Min
25	0.001	-2.7444731	Max
25	9.9998	-3.0196975	Max
22	0.1674	-12.266459	Min
22	1.2534	-10.590082	Max
22	3.1264	-11.038466	Min
22	0.001	-2.8037978	Max
22	9.9998	-3.2084069	Max
20	0.1676	-12.376459	Min
20	1.2478	-10.708538	Max
20	3.1542	-11.175475	Min
20	0.001	-2.9126247	Max
20	9.9998	-3.4723872	Max
19	0.1676	-12.45971	Min
19	1.244	-10.79771	Max
19	3.174	-11.277972	Min
19	0.001	-2.9950519	Max
19	9.9998	-3.6652587	Max
18	0.1678	-12.566007	Min
18	1.239	-10.911457	Max
18	3.1992	-11.408855	Min
18	0.001	-3.1003073	Max
18	9.9998	-3.9103295	Max
17	0.1678	-12.699157	Min
17	1.233	-11.053971	Max
17	3.2314	-11.573478	Min
17	0.001	-3.2321407	Max
17	9.9998	-4.2179002	Max
16	0.168	-12.863584	Min
16	1.2254	-11.230139	Max
16	3.2726	-11.778225	Min
16	0.001	-3.394903	Max
16	9.9998	-4.5992031	Max
15	0.1682	-13.064405	Min
15	1.2162	-11.445617	Max
15	3.325	-12.03067	Min
15	0.001	-3.5936246	Max
15	9.9998	-5.06576	Max
14	0.1686	-13.307507	Min
14	1.205	-11.706885	Max
14	3.3914	-12.339693	Min
14	0.001	-3.8340867	Max
14	9.9998	-5.6283307	Max
13	0.169	-13.599584	Min
13	1.1916	-12.02126	Max
13	3.4744	-12.715493	Min
13	0.001	-4.1228648	Max
13	9.9998	-6.0024962	Max
12	0.1694	-13.948119	Min
12	1.1758	-12.396797	Max
12	3.5766	-13.169362	Min
12	0.001	-4.4673139	Max
12	9.9998	-5.9025437	Max
11.5	0.1696	-14.146081	Min
11.5	1.167	-12.610164	Max
11.5	3.6356	-13.429242	Min
11.5	0.001	-4.6628983	Max
11.5	9.9998	-5.8493982	Max
11	0.17	-14.36124	Min
11	1.1578	-12.842038	Max
11	3.6998	-13.712971	Min
11	0.001	-4.8754378	Max
11	9.9998	-5.7938856	Max
10.5	0.1702	-14.594653	Min
10.5	1.1478	-13.093471	Max
10.5	3.7688	-14.021782	Min
10.5	0.001	-5.1059779	Max
10.5	9.9998	-5.7357828	Max
10	0.1706	-14.847348	Min
10	1.1374	-13.36545	Max
10	3.2638	-14.296514	Min
10	0.001	-5.3555416	Max
10	9.9998	-5.6748346	Max
9.5	0.171	-15.120287	Min
9.5	1.1266	-13.658843	Max
9.5	2.7902	-14.274122	Min
9.5	0.001	-5.6250914	Max
9.5	9.9998	-5.6107478	Max
9	0.1714	-15.414307	Min
9	1.1156	-13.974321	Max
9	1.264	-13.995424	Min
9	1.3718	-13.988459	Max
9	2.7918	-14.203176	Min
9	0.001	-5.9154758	Max
9	9.9998	-5.5431833	Max
8.5	0.1718	-15.730037	Min
8.5	1.3708	-13.911383	Max
8.5	2.7942	-14.12749	Min
8.5	0.001	-6.2273507	Max
8.5	9.9998	-5.4717458	Max
8	0.1646	-15.684321	Min
8	1.3696	-13.828305	Max
8	2.7974	-14.046331	Min
8	0.001	-6.2494541	Max
8	9.9998	-5.3959714	Max
7.5	0.1646	-15.591371	Min
7.5	1.3676	-13.738057	Max
7.5	2.8018	-13.958786	Min
7.5	0.001	-6.1561088	Max
7.5	9.9998	-5.3153099	Max
7	0.1646	-15.488367	Min
7	1.3648	-13.639087	Max
7	2.8078	-13.863703	Min
7	0.001	-6.0525008	Max
7	9.9998	-5.2291031	Max
6.5	0.1648	-15.372365	Min
6.5	1.3606	-13.529284	Max
6.5	2.8164	-13.759617	Min
6.5	0.001	-5.9355397	Max
6.5	9.9998	-5.1365526	Max
6	0.165	-15.23893	Min
6	1.3542	-13.405689	Max
6	2.8288	-13.644646	Min
6	0.001	-5.8005205	Max
6	9.9998	-5.0366762	Max
5.5	0.1652	-15.081049	Min
5.5	1.3444	-13.264028	Max
5.5	2.8466	-13.516362	Min
5.5	0.001	-5.6398909	Max
5.5	9.9998	-4.9282449	Max
5	0.1658	-14.886927	Min
5	1.3286	-13.09787	Max
5	2.8724	-13.37164	Min
5	0.001	-5.440687	Max
5	9.9998	-4.8096875	Max
