40	0.1672	-12.666207	Min
40	3.0774	-11.389875	Min
37	0.1672	-12.533486	Min
37	3.0788	-11.258542	Min
50	0.1672	-13.116603	Min
50	3.0754	-11.838251	Min
32	0.1672	-12.336598	Min
32	3.0832	-11.066082	Min
30	0.1672	-12.274771	Min
30	3.0864	-11.007437	Min
28	0.1672	-12.229221	Min
28	3.091	-10.966556	Min
25	0.1674	-12.206123	Min
25	3.103	-10.955262	Min
22	0.1674	-12.266459	Min
22	3.1264	-11.038466	Min
20	0.1676	-12.376459	Min
20	3.1542	-11.175475	Min
19	0.1676	-12.45971	Min
19	3.174	-11.277972	Min
18	0.1678	-12.566007	Min
18	3.1992	-11.408855	Min
17	0.1678	-12.699157	Min
17	3.2314	-11.573478	Min
16	0.168	-12.863584	Min
16	3.2726	-11.778225	Min
15	0.1682	-13.064405	Min
15	3.325	-12.03067	Min
14	0.1686	-13.307507	Min
14	3.3914	-12.339693	Min
13	0.169	-13.599584	Min
13	3.4744	-12.715493	Min
12	0.1694	-13.948119	Min
12	3.5766	-13.169362	Min
11.5	0.1696	-14.146081	Min
11.5	3.6356	-13.429242	Min
11	0.17	-14.36124	Min
11	3.6998	-13.712971	Min
10.5	0.1702	-14.594653	Min
10.5	3.7688	-14.021782	Min
10	0.1706	-14.847348	Min
10	3.2638	-14.296514	Min
9.5	0.171	-15.120287	Min
9.5	2.7902	-14.274122	Min
9	0.1714	-15.414307	Min
9	1.264	-13.995424	Min
9	2.7918	-14.203176	Min
8.5	0.1718	-15.730037	Min
8.5	2.7942	-14.12749	Min
8	0.1646	-15.684321	Min
8	2.7974	-14.046331	Min
7.5	0.1646	-15.591371	Min
7.5	2.8018	-13.958786	Min
7	0.1646	-15.488367	Min
7	2.8078	-13.863703	Min
6.5	0.1648	-15.372365	Min
6.5	2.8164	-13.759617	Min
6	0.165	-15.23893	Min
6	2.8288	-13.644646	Min
5.5	0.1652	-15.081049	Min
5.5	2.8466	-13.516362	Min
5	0.1658	-14.886927	Min
5	2.8724	-13.37164	Min
