40	1.264	-10.974136	Max
40	0.001	-3.205716	Max
40	9.9998	-3.3448593	Max
37	1.2638	-10.841881	Max
37	0.001	-3.0729311	Max
37	9.9998	-3.2190057	Max
50	1.2646	-11.423852	Max
50	0.001	-3.6562076	Max
50	9.9998	-3.7854204	Max
32	1.2628	-10.64647	Max
32	0.001	-2.8758385	Max
32	9.9998	-3.0445879	Max
30	1.262	-10.585696	Max
30	0.001	-2.8138647	Max
30	9.9998	-2.9993206	Max
28	1.261	-10.541683	Max
28	0.001	-2.7681022	Max
28	9.9998	-2.9785177	Max
25	1.2584	-10.52243	Max
25	0.001	-2.7444731	Max
25	9.9998	-3.0196975	Max
22	1.2534	-10.590082	Max
22	0.001	-2.8037978	Max
22	9.9998	-3.2084069	Max
20	1.2478	-10.708538	Max
20	0.001	-2.9126247	Max
20	9.9998	-3.4723872	Max
19	1.244	-10.79771	Max
19	0.001	-2.9950519	Max
19	9.9998	-3.6652587	Max
18	1.239	-10.911457	Max
18	0.001	-3.1003073	Max
18	9.9998	-3.9103295	Max
17	1.233	-11.053971	Max
17	0.001	-3.2321407	Max
17	9.9998	-4.2179002	Max
16	1.2254	-11.230139	Max
16	0.001	-3.394903	Max
16	9.9998	-4.5992031	Max
15	1.2162	-11.445617	Max
15	0.001	-3.5936246	Max
15	9.9998	-5.06576	Max
14	1.205	-11.706885	Max
14	0.001	-3.8340867	Max
14	9.9998	-5.6283307	Max
13	1.1916	-12.02126	Max
13	0.001	-4.1228648	Max
13	9.9998	-6.0024962	Max
12	1.1758	-12.396797	Max
12	0.001	-4.4673139	Max
12	9.9998	-5.9025437	Max
11.5	1.167	-12.610164	Max
11.5	0.001	-4.6628983	Max
11.5	9.9998	-5.8493982	Max
11	1.1578	-12.842038	Max
11	0.001	-4.8754378	Max
11	9.9998	-5.7938856	Max
10.5	1.1478	-13.093471	Max
10.5	0.001	-5.1059779	Max
10.5	9.9998	-5.7357828	Max
10	1.1374	-13.36545	Max
10	0.001	-5.3555416	Max
10	9.9998	-5.6748346	Max
9.5	1.1266	-13.658843	Max
9.5	0.001	-5.6250914	Max
9.5	9.9998	-5.6107478	Max
9	1.1156	-13.974321	Max
9	1.3718	-13.988459	Max
9	0.001	-5.9154758	Max
9	9.9998	-5.5431833	Max
8.5	1.3708	-13.911383	Max
8.5	0.001	-6.2273507	Max
8.5	9.9998	-5.4717458	Max
8	1.3696	-13.828305	Max
8	0.001	-6.2494541	Max
8	9.9998	-5.3959714	Max
7.5	1.3676	-13.738057	Max
7.5	0.001	-6.1561088	Max
7.5	9.9998	-5.3153099	Max
7	1.3648	-13.639087	Max
7	0.001	-6.0525008	Max
7	9.9998	-5.2291031	Max
6.5	1.3606	-13.529284	Max
6.5	0.001	-5.9355397	Max
6.5	9.9998	-5.1365526	Max
6	1.3542	-13.405689	Max
6	0.001	-5.8005205	Max
6	9.9998	-5.0366762	Max
5.5	1.3444	-13.264028	Max
5.5	0.001	-5.6398909	Max
5.5	9.9998	-4.9282449	Max
5	1.3286	-13.09787	Max
5	0.001	-5.440687	Max
5	9.9998	-4.8096875	Max
