20	0.1356	-3.4915618	Min
20	1.422	-1.1121887	Max
20	3.063	-1.3821657	Min
20	0.001	4.3242046	Max
20	9.9998	5.5446486	Max
4	0.134	-15.190888	Min
4	1.552	-12.638746	Max
4	2.7484	-12.751732	Min
4	0.001	-7.3938981	Max
4	9.9998	-5.2498815	Max
5	0.134	-15.217762	Min
5	1.552	-12.66562	Max
5	2.7484	-12.778606	Min
5	0.001	-7.4207715	Max
5	9.9998	-5.276755	Max
6	0.134	-15.22149	Min
6	1.552	-12.669348	Max
6	2.7484	-12.782334	Min
6	0.001	-7.4244999	Max
6	9.9998	-5.2804833	Max
7	0.134	-15.22517	Min
7	1.552	-12.673028	Max
7	2.7484	-12.786014	Min
7	0.001	-7.4281796	Max
7	9.9998	-5.2841631	Max
8	0.1834	-11.702445	Min
8	0.5644	-11.356291	Max
8	1.264	-12.718907	Min
8	1.552	-12.6767	Max
8	2.7484	-12.789686	Min
8	0.001	-3.4966041	Max
8	9.9998	-5.2878351	Max
9	0.1554	-7.5795789	Min
9	0.7842	-6.5801175	Max
9	3.264	-12.750563	Min
9	0.001	0.4244677	Max
9	9.9998	-5.2915026	Max
10	0.1436	-5.4499949	Min
10	0.9918	-3.8435731	Max
10	5.264	-11.784592	Min
10	0.001	2.4462634	Max
10	9.9998	-5.2951659	Max
11	0.1386	-4.4596901	Min
11	1.1752	-2.4432661	Max
11	7.264	-9.7071842	Min
11	0.001	3.3883235	Max
11	9.9998	-5.2988255	Max
15	0.1358	-3.5820748	Min
15	1.4056	-1.2227404	Max
15	3.151	-1.5325474	Min
15	0.001	4.2354407	Max
15	9.9998	4.378442	Max
7.5	0.22	-14.869789	Min
7.5	1.552	-12.674864	Max
7.5	2.7484	-12.787851	Min
7.5	0.001	-6.4945647	Max
7.5	9.9998	-5.2859998	Max
7.6	0.2094	-14.161957	Min
7.6	0.4614	-14.040649	Max
7.6	0.4638	-14.040668	Min
7.6	1.552	-12.675232	Max
7.6	2.7484	-12.788218	Min
7.6	0.001	-5.8268224	Max
7.6	9.9998	-5.2863669	Max
7.7	0.201	-13.493455	Min
7.7	0.4892	-13.32097	Max
7.7	0.6638	-13.430526	Min
7.7	1.552	-12.675599	Max
7.7	2.7484	-12.788585	Min
7.7	0.001	-5.1947902	Max
7.7	9.9998	-5.2867341	Max
7.8	0.1942	-12.862016	Min
7.8	0.5152	-12.634442	Max
7.8	0.8638	-13.045419	Min
7.8	1.552	-12.675966	Max
7.8	2.7484	-12.788952	Min
7.8	0.001	-4.5967881	Max
7.8	9.9998	-5.2871011	Max
7.4	0.134	-15.226639	Min
7.4	1.552	-12.674497	Max
7.4	2.7484	-12.787483	Min
7.4	0.001	-7.1997915	Max
7.4	9.9998	-5.2856325	Max
7.3	0.134	-15.226272	Min
7.3	1.552	-12.67413	Max
7.3	2.7484	-12.787116	Min
7.3	0.001	-7.4292818	Max
7.3	9.9998	-5.2852653	Max
7.2	0.134	-15.225905	Min
7.2	1.552	-12.673763	Max
7.2	2.7484	-12.786749	Min
7.2	0.001	-7.4289145	Max
7.2	9.9998	-5.2848979	Max
7.1	0.134	-15.225537	Min
7.1	1.552	-12.673395	Max
7.1	2.7484	-12.786381	Min
7.1	0.001	-7.4285471	Max
7.1	9.9998	-5.2845305	Max
8.1	0.179	-11.170797	Min
8.1	0.588	-10.762364	Max
8.1	1.464	-12.680233	Min
8.1	1.552	-12.677067	Max
8.1	2.7484	-12.790053	Min
8.1	0.001	-2.9915017	Max
8.1	9.9998	-5.2882021	Max
8.2	0.1752	-10.669124	Min
8.2	0.611	-10.197023	Max
8.2	2.7484	-12.79042	Min
8.2	0.001	-2.514581	Max
8.2	9.9998	-5.288569	Max
12	0.137	-4.001078	Min
12	1.2972	-1.7840001	Max
12	9.2638	-6.6575039	Min
12	0.001	3.8284615	Max
12	9.9998	-5.3024812	Max
13	0.1362	-3.7727464	Min
13	1.3606	-1.4695525	Max
13	3.57	-1.9467918	Min
13	8.3046	-0.84264502	Max
13	0.001	4.0495059	Max
13	9.9998	-1.3631594	Min
14	0.136	-3.6506467	Min
14	1.3908	-1.3094639	Max
14	3.2536	-1.6634024	Min
14	0.001	4.1684146	Max
14	9.9998	2.5303677	Max
12.5	0.1366	-3.8683879	Min
12.5	1.3346	-1.5992565	Max
12.5	4.1552	-2.2463793	Min
12.5	6.21	-2.1417876	Max
12.5	0.001	3.9567229	Max
12.5	9.9998	-4.3635065	Min
12.4	0.1366	-3.8915017	Min
12.4	1.3282	-1.6310778	Max
12.4	4.5314	-2.3417977	Min
12.4	5.5282	-2.3294644	Max
12.4	0.001	3.9343439	Max
12.4	9.9998	-5.069428	Min
8.5	0.166	-9.3299754	Min
8.5	0.6776	-8.6617417	Max
8.5	2.7484	-12.79152	Min
8.5	0.001	-1.2406267	Max
8.5	9.9998	-5.2896694	Max
7.45	0.1638	-15.899358	Min
7.45	1.552	-13.379009	Max
7.45	2.7484	-13.491996	Min
7.45	0.001	-7.5475818	Max
7.45	9.9998	-5.9901447	Max
7.47	0.2038	-15.791002	Min
7.47	1.552	-13.37901	Max
7.47	2.7484	-13.491996	Min
7.47	0.001	-7.4074565	Max
7.47	9.9998	-5.9901455	Max
7.42	0.134	-15.93115	Min
7.42	1.552	-13.379008	Max
7.42	2.7484	-13.491994	Min
7.42	0.001	-7.760652	Max
7.42	9.9998	-5.9901435	Max
7.48	0.222	-15.720528	Min
7.48	1.552	-13.379011	Max
7.48	2.7484	-13.491997	Min
7.48	0.001	-7.3379647	Max
7.48	9.9998	-5.9901459	Max
7.49	0.2208	-15.647143	Min
7.49	1.552	-13.379011	Max
7.49	2.7484	-13.491997	Min
7.49	0.001	-7.2688509	Max
7.49	9.9998	-5.9901463	Max
7.46	0.1838	-15.852018	Min
7.46	1.552	-13.37901	Max
7.46	2.7484	-13.491996	Min
7.46	0.001	-7.4773283	Max
7.46	9.9998	-5.9901451	Max
7.44	0.144	-15.92715	Min
7.44	1.552	-13.379009	Max
7.44	2.7484	-13.491995	Min
7.44	0.001	-7.6182191	Max
7.44	9.9998	-5.9901443	Max
7.43	0.134	-15.931151	Min
7.43	1.552	-13.379009	Max
7.43	2.7484	-13.491995	Min
7.43	0.001	-7.6892418	Max
7.43	9.9998	-5.9901439	Max
7.475	0.2138	-15.756728	Min
7.475	1.552	-13.37901	Max
7.475	2.7484	-13.491997	Min
7.475	0.001	-7.3726632	Max
7.475	9.9998	-5.9901457	Max
7.435	0.134	-15.931151	Min
7.435	1.552	-13.379009	Max
7.435	2.7484	-13.491995	Min
7.435	0.001	-7.6536821	Max
7.435	9.9998	-5.9901441	Max
7.478	0.2198	-15.735205	Min
7.478	1.552	-13.37901	Max
7.478	2.7484	-13.491997	Min
7.478	0.001	-7.3518327	Max
7.478	9.9998	-5.9901458	Max
7.479	0.2218	-15.727888	Min
7.479	1.552	-13.37901	Max
7.479	2.7484	-13.491997	Min
7.479	0.001	-7.3448968	Max
7.479	9.9998	-5.9901458	Max
7.65	0.2048	-14.528475	Min
7.65	0.4764	-14.380695	Max
7.65	0.5638	-14.408291	Min
7.65	1.552	-13.379018	Max
7.65	2.7484	-13.492004	Min
7.65	0.001	-6.2129845	Max
7.65	9.9998	-5.9901528	Max
7.63	0.2064	-14.662776	Min
7.63	0.4708	-14.525177	Max
7.63	0.5238	-14.535249	Min
7.63	1.552	-13.379017	Max
7.63	2.7484	-13.492003	Min
7.63	0.001	-6.3399488	Max
7.63	9.9998	-5.990152	Max
7.61	0.2082	-14.798619	Min
7.61	0.4652	-14.671014	Max
7.61	0.4838	-14.672245	Min
7.61	1.552	-13.379016	Max
7.61	2.7484	-13.492002	Min
7.61	0.001	-6.4683194	Max
7.61	9.9998	-5.9901512	Max
7.58	0.211	-15.005315	Min
7.58	1.552	-13.379015	Max
7.58	2.7484	-13.492001	Min
7.58	0.001	-6.6635421	Max
7.58	9.9998	-5.9901499	Max
7.59	0.21	-14.936022	Min
7.59	1.552	-13.379015	Max
7.59	2.7484	-13.492001	Min
7.59	0.001	-6.59811	Max
7.59	9.9998	-5.9901503	Max
7.605	0.2086	-14.832823	Min
7.605	0.4638	-14.707687	Max
7.605	0.4738	-14.708044	Min
7.605	1.552	-13.379016	Max
7.605	2.7484	-13.492002	Min
7.605	0.001	-6.5006334	Max
7.605	9.9998	-5.990151	Max
7.595	0.2096	-14.901524	Min
7.595	1.552	-13.379015	Max
7.595	2.7484	-13.492002	Min
7.595	0.001	-6.5655285	Max
7.595	9.9998	-5.9901506	Max
7.598	0.2092	-14.880872	Min
7.598	1.552	-13.379015	Max
7.598	2.7484	-13.492002	Min
7.598	0.001	-6.5460225	Max
7.598	9.9998	-5.9901507	Max
7.599	0.2092	-14.873996	Min
7.599	1.552	-13.379015	Max
7.599	2.7484	-13.492002	Min
7.599	0.001	-6.5395276	Max
7.599	9.9998	-5.9901507	Max
7.5995	0.2092	-14.87056	Min
7.5995	0.4622	-14.748125	Max
7.5995	0.4628	-14.748126	Min
7.5995	1.552	-13.379015	Max
7.5995	2.7484	-13.492002	Min
7.5995	0.001	-6.5362816	Max
7.5995	9.9998	-5.9901507	Max
13.5	0.136	-4.4196528	Min
13.5	1.3784	-2.0937518	Max
13.5	3.3606	-2.4915393	Min
13.5	0.001	3.4006964	Max
13.5	9.9998	0.18783479	Max
13.2	0.1362	-4.4590984	Min
13.2	1.3686	-2.1456642	Max
13.2	3.4662	-2.5846348	Min
13.2	9.017	-0.90042406	Max
13.2	0.001	3.3622969	Max
13.2	9.9998	-1.0795302	Min
13.4	0.136	-4.4320193	Min
13.4	1.3754	-2.1099519	Max
13.4	3.391	-2.5198439	Min
13.4	9.6794	-0.18974275	Max
13.4	0.001	3.3886516	Max
13.4	9.9998	-0.20910867	Min
13.3	0.1362	-4.4451499	Min
13.3	1.3722	-2.1272282	Max
13.3	3.4258	-2.5507578	Min
13.3	9.3518	-0.55263014	Max
13.3	0.001	3.375869	Max
13.3	9.9998	-0.63123669	Min
12.7	0.1364	-4.5433507	Min
12.7	1.3462	-2.2587285	Max
12.7	3.8176	-2.8179734	Min
12.7	7.1692	-2.3922202	Max
12.7	0.001	3.2804594	Max
12.7	9.9998	-3.7542973	Min
13.45	0.136	-4.4257438	Min
13.45	1.377	-2.1017222	Max
13.45	3.3752	-2.5053851	Min
13.45	9.841	-0.0027671843	Max
13.45	0.001	3.3947632	Max
13.45	9.9998	-0.0075468702	Min
13.48	0.136	-4.4220675	Min
13.48	1.3778	-2.0969095	Max
13.48	3.3664	-2.4970064	Min
13.48	9.9372	0.11116173	Max
13.48	0.001	3.3983441	Max
13.48	9.9998	0.11041661	Min
13.49	0.136	-4.4208566	Min
13.49	1.3782	-2.0953256	Max
13.49	3.3634	-2.4942611	Min
13.49	9.9692	0.14942655	Max
13.49	0.001	3.3995237	Max
13.49	9.9998	0.14924753	Min
