20	0.1356	-3.4915618	Min
20	3.063	-1.3821657	Min
4	0.134	-15.190888	Min
4	2.7484	-12.751732	Min
5	0.134	-15.217762	Min
5	2.7484	-12.778606	Min
6	0.134	-15.22149	Min
6	2.7484	-12.782334	Min
7	0.134	-15.22517	Min
7	2.7484	-12.786014	Min
8	0.1834	-11.702445	Min
8	1.264	-12.718907	Min
8	2.7484	-12.789686	Min
9	0.1554	-7.5795789	Min
9	3.264	-12.750563	Min
10	0.1436	-5.4499949	Min
10	5.264	-11.784592	Min
11	0.1386	-4.4596901	Min
11	7.264	-9.7071842	Min
15	0.1358	-3.5820748	Min
15	3.151	-1.5325474	Min
7.5	0.22	-14.869789	Min
7.5	2.7484	-12.787851	Min
7.6	0.2094	-14.161957	Min
7.6	0.4638	-14.040668	Min
7.6	2.7484	-12.788218	Min
7.7	0.201	-13.493455	Min
7.7	0.6638	-13.430526	Min
7.7	2.7484	-12.788585	Min
7.8	0.1942	-12.862016	Min
7.8	0.8638	-13.045419	Min
7.8	2.7484	-12.788952	Min
7.4	0.134	-15.226639	Min
7.4	2.7484	-12.787483	Min
7.3	0.134	-15.226272	Min
7.3	2.7484	-12.787116	Min
7.2	0.134	-15.225905	Min
7.2	2.7484	-12.786749	Min
7.1	0.134	-15.225537	Min
7.1	2.7484	-12.786381	Min
8.1	0.179	-11.170797	Min
8.1	1.464	-12.680233	Min
8.1	2.7484	-12.790053	Min
8.2	0.1752	-10.669124	Min
8.2	2.7484	-12.79042	Min
12	0.137	-4.001078	Min
12	9.2638	-6.6575039	Min
13	0.1362	-3.7727464	Min
13	3.57	-1.9467918	Min
13	9.9998	-1.3631594	Min
14	0.136	-3.6506467	Min
14	3.2536	-1.6634024	Min
12.5	0.1366	-3.8683879	Min
12.5	4.1552	-2.2463793	Min
12.5	9.9998	-4.3635065	Min
12.4	0.1366	-3.8915017	Min
12.4	4.5314	-2.3417977	Min
12.4	9.9998	-5.069428	Min
8.5	0.166	-9.3299754	Min
8.5	2.7484	-12.79152	Min
7.45	0.1638	-15.899358	Min
7.45	2.7484	-13.491996	Min
7.47	0.2038	-15.791002	Min
7.47	2.7484	-13.491996	Min
7.42	0.134	-15.93115	Min
7.42	2.7484	-13.491994	Min
7.48	0.222	-15.720528	Min
7.48	2.7484	-13.491997	Min
7.49	0.2208	-15.647143	Min
7.49	2.7484	-13.491997	Min
7.46	0.1838	-15.852018	Min
7.46	2.7484	-13.491996	Min
7.44	0.144	-15.92715	Min
7.44	2.7484	-13.491995	Min
7.43	0.134	-15.931151	Min
7.43	2.7484	-13.491995	Min
7.475	0.2138	-15.756728	Min
7.475	2.7484	-13.491997	Min
7.435	0.134	-15.931151	Min
7.435	2.7484	-13.491995	Min
7.478	0.2198	-15.735205	Min
7.478	2.7484	-13.491997	Min
7.479	0.2218	-15.727888	Min
7.479	2.7484	-13.491997	Min
7.65	0.2048	-14.528475	Min
7.65	0.5638	-14.408291	Min
7.65	2.7484	-13.492004	Min
7.63	0.2064	-14.662776	Min
7.63	0.5238	-14.535249	Min
7.63	2.7484	-13.492003	Min
7.61	0.2082	-14.798619	Min
7.61	0.4838	-14.672245	Min
7.61	2.7484	-13.492002	Min
7.58	0.211	-15.005315	Min
7.58	2.7484	-13.492001	Min
7.59	0.21	-14.936022	Min
7.59	2.7484	-13.492001	Min
7.605	0.2086	-14.832823	Min
7.605	0.4738	-14.708044	Min
7.605	2.7484	-13.492002	Min
7.595	0.2096	-14.901524	Min
7.595	2.7484	-13.492002	Min
7.598	0.2092	-14.880872	Min
7.598	2.7484	-13.492002	Min
7.599	0.2092	-14.873996	Min
7.599	2.7484	-13.492002	Min
7.5995	0.2092	-14.87056	Min
7.5995	0.4628	-14.748126	Min
7.5995	2.7484	-13.492002	Min
13.5	0.136	-4.4196528	Min
13.5	3.3606	-2.4915393	Min
13.2	0.1362	-4.4590984	Min
13.2	3.4662	-2.5846348	Min
13.2	9.9998	-1.0795302	Min
13.4	0.136	-4.4320193	Min
13.4	3.391	-2.5198439	Min
13.4	9.9998	-0.20910867	Min
13.3	0.1362	-4.4451499	Min
13.3	3.4258	-2.5507578	Min
13.3	9.9998	-0.63123669	Min
12.7	0.1364	-4.5433507	Min
12.7	3.8176	-2.8179734	Min
12.7	9.9998	-3.7542973	Min
13.45	0.136	-4.4257438	Min
13.45	3.3752	-2.5053851	Min
13.45	9.9998	-0.0075468702	Min
13.48	0.136	-4.4220675	Min
13.48	3.3664	-2.4970064	Min
13.48	9.9998	0.11041661	Min
13.49	0.136	-4.4208566	Min
13.49	3.3634	-2.4942611	Min
13.49	9.9998	0.14924753	Min
