20	1.422	-1.1121887	Max
20	0.001	4.3242046	Max
20	9.9998	5.5446486	Max
4	1.552	-12.638746	Max
4	0.001	-7.3938981	Max
4	9.9998	-5.2498815	Max
5	1.552	-12.66562	Max
5	0.001	-7.4207715	Max
5	9.9998	-5.276755	Max
6	1.552	-12.669348	Max
6	0.001	-7.4244999	Max
6	9.9998	-5.2804833	Max
7	1.552	-12.673028	Max
7	0.001	-7.4281796	Max
7	9.9998	-5.2841631	Max
8	0.5644	-11.356291	Max
8	1.552	-12.6767	Max
8	0.001	-3.4966041	Max
8	9.9998	-5.2878351	Max
9	0.7842	-6.5801175	Max
9	0.001	0.4244677	Max
9	9.9998	-5.2915026	Max
10	0.9918	-3.8435731	Max
10	0.001	2.4462634	Max
10	9.9998	-5.2951659	Max
11	1.1752	-2.4432661	Max
11	0.001	3.3883235	Max
11	9.9998	-5.2988255	Max
15	1.4056	-1.2227404	Max
15	0.001	4.2354407	Max
15	9.9998	4.378442	Max
7.5	1.552	-12.674864	Max
7.5	0.001	-6.4945647	Max
7.5	9.9998	-5.2859998	Max
7.6	0.4614	-14.040649	Max
7.6	1.552	-12.675232	Max
7.6	0.001	-5.8268224	Max
7.6	9.9998	-5.2863669	Max
7.7	0.4892	-13.32097	Max
7.7	1.552	-12.675599	Max
7.7	0.001	-5.1947902	Max
7.7	9.9998	-5.2867341	Max
7.8	0.5152	-12.634442	Max
7.8	1.552	-12.675966	Max
7.8	0.001	-4.5967881	Max
7.8	9.9998	-5.2871011	Max
7.4	1.552	-12.674497	Max
7.4	0.001	-7.1997915	Max
7.4	9.9998	-5.2856325	Max
7.3	1.552	-12.67413	Max
7.3	0.001	-7.4292818	Max
7.3	9.9998	-5.2852653	Max
7.2	1.552	-12.673763	Max
7.2	0.001	-7.4289145	Max
7.2	9.9998	-5.2848979	Max
7.1	1.552	-12.673395	Max
7.1	0.001	-7.4285471	Max
7.1	9.9998	-5.2845305	Max
8.1	0.588	-10.762364	Max
8.1	1.552	-12.677067	Max
8.1	0.001	-2.9915017	Max
8.1	9.9998	-5.2882021	Max
8.2	0.611	-10.197023	Max
8.2	0.001	-2.514581	Max
8.2	9.9998	-5.288569	Max
12	1.2972	-1.7840001	Max
12	0.001	3.8284615	Max
12	9.9998	-5.3024812	Max
13	1.3606	-1.4695525	Max
13	8.3046	-0.84264502	Max
13	0.001	4.0495059	Max
14	1.3908	-1.3094639	Max
14	0.001	4.1684146	Max
14	9.9998	2.5303677	Max
12.5	1.3346	-1.5992565	Max
12.5	6.21	-2.1417876	Max
12.5	0.001	3.9567229	Max
12.4	1.3282	-1.6310778	Max
12.4	5.5282	-2.3294644	Max
12.4	0.001	3.9343439	Max
8.5	0.6776	-8.6617417	Max
8.5	0.001	-1.2406267	Max
8.5	9.9998	-5.2896694	Max
7.45	1.552	-13.379009	Max
7.45	0.001	-7.5475818	Max
7.45	9.9998	-5.9901447	Max
7.47	1.552	-13.37901	Max
7.47	0.001	-7.4074565	Max
7.47	9.9998	-5.9901455	Max
7.42	1.552	-13.379008	Max
7.42	0.001	-7.760652	Max
7.42	9.9998	-5.9901435	Max
7.48	1.552	-13.379011	Max
7.48	0.001	-7.3379647	Max
7.48	9.9998	-5.9901459	Max
7.49	1.552	-13.379011	Max
7.49	0.001	-7.2688509	Max
7.49	9.9998	-5.9901463	Max
7.46	1.552	-13.37901	Max
7.46	0.001	-7.4773283	Max
7.46	9.9998	-5.9901451	Max
7.44	1.552	-13.379009	Max
7.44	0.001	-7.6182191	Max
7.44	9.9998	-5.9901443	Max
7.43	1.552	-13.379009	Max
7.43	0.001	-7.6892418	Max
7.43	9.9998	-5.9901439	Max
7.475	1.552	-13.37901	Max
7.475	0.001	-7.3726632	Max
7.475	9.9998	-5.9901457	Max
7.435	1.552	-13.379009	Max
7.435	0.001	-7.6536821	Max
7.435	9.9998	-5.9901441	Max
7.478	1.552	-13.37901	Max
7.478	0.001	-7.3518327	Max
7.478	9.9998	-5.9901458	Max
7.479	1.552	-13.37901	Max
7.479	0.001	-7.3448968	Max
7.479	9.9998	-5.9901458	Max
7.65	0.4764	-14.380695	Max
7.65	1.552	-13.379018	Max
7.65	0.001	-6.2129845	Max
7.65	9.9998	-5.9901528	Max
7.63	0.4708	-14.525177	Max
7.63	1.552	-13.379017	Max
7.63	0.001	-6.3399488	Max
7.63	9.9998	-5.990152	Max
7.61	0.4652	-14.671014	Max
7.61	1.552	-13.379016	Max
7.61	0.001	-6.4683194	Max
7.61	9.9998	-5.9901512	Max
7.58	1.552	-13.379015	Max
7.58	0.001	-6.6635421	Max
7.58	9.9998	-5.9901499	Max
7.59	1.552	-13.379015	Max
7.59	0.001	-6.59811	Max
7.59	9.9998	-5.9901503	Max
7.605	0.4638	-14.707687	Max
7.605	1.552	-13.379016	Max
7.605	0.001	-6.5006334	Max
7.605	9.9998	-5.990151	Max
7.595	1.552	-13.379015	Max
7.595	0.001	-6.5655285	Max
7.595	9.9998	-5.9901506	Max
7.598	1.552	-13.379015	Max
7.598	0.001	-6.5460225	Max
7.598	9.9998	-5.9901507	Max
7.599	1.552	-13.379015	Max
7.599	0.001	-6.5395276	Max
7.599	9.9998	-5.9901507	Max
7.5995	0.4622	-14.748125	Max
7.5995	1.552	-13.379015	Max
7.5995	0.001	-6.5362816	Max
7.5995	9.9998	-5.9901507	Max
13.5	1.3784	-2.0937518	Max
13.5	0.001	3.4006964	Max
13.5	9.9998	0.18783479	Max
13.2	1.3686	-2.1456642	Max
13.2	9.017	-0.90042406	Max
13.2	0.001	3.3622969	Max
13.4	1.3754	-2.1099519	Max
13.4	9.6794	-0.18974275	Max
13.4	0.001	3.3886516	Max
13.3	1.3722	-2.1272282	Max
13.3	9.3518	-0.55263014	Max
13.3	0.001	3.375869	Max
12.7	1.3462	-2.2587285	Max
12.7	7.1692	-2.3922202	Max
12.7	0.001	3.2804594	Max
13.45	1.377	-2.1017222	Max
13.45	9.841	-0.0027671843	Max
13.45	0.001	3.3947632	Max
13.48	1.3778	-2.0969095	Max
13.48	9.9372	0.11116173	Max
13.48	0.001	3.3983441	Max
13.49	1.3782	-2.0953256	Max
13.49	9.9692	0.14942655	Max
13.49	0.001	3.3995237	Max
