20	0.001	4.3242046	Max
15	0.001	4.2354407	Max
14	0.001	4.1684146	Max
13.5	0.001	3.4006964	Max
13.49	0.001	3.3995237	Max
13.48	0.001	3.3983441	Max
13.45	0.001	3.3947632	Max
13.4	0.001	3.3886516	Max
13.3	0.001	3.375869	Max
13.2	0.001	3.3622969	Max
13	0.001	4.0495059	Max
12.7	0.001	3.2804594	Max
12.5	0.001	3.9567229	Max
12.4	0.001	3.9343439	Max
12	0.001	3.8284615	Max
11	0.001	3.3883235	Max
10	0.001	2.4462634	Max
9	0.001	0.4244677	Max
8.5	0.001	-1.2406267	Max
8.2	0.001	-2.514581	Max
8.1	0.001	-2.9915017	Max
8	0.001	-3.4966041	Max
7.8	0.001	-4.5967881	Max
7.7	0.001	-5.1947902	Max
7.65	0.001	-6.2129845	Max
7.63	0.001	-6.3399488	Max
7.61	0.001	-6.4683194	Max
7.605	0.001	-6.5006334	Max
7.6	0.001	-5.8268224	Max
7.5995	0.001	-6.5362816	Max
7.599	0.001	-6.5395276	Max
7.598	0.001	-6.5460225	Max
7.595	0.001	-6.5655285	Max
7.59	0.001	-6.59811	Max
7.58	0.001	-6.6635421	Max
7.5	0.001	-6.4945647	Max
7.49	0.001	-7.2688509	Max
7.48	0.001	-7.3379647	Max
7.479	0.001	-7.3448968	Max
7.478	0.001	-7.3518327	Max
7.475	0.001	-7.3726632	Max
7.47	0.001	-7.4074565	Max
7.46	0.001	-7.4773283	Max
7.45	0.001	-7.5475818	Max
7.44	0.001	-7.6182191	Max
7.435	0.001	-7.6536821	Max
7.43	0.001	-7.6892418	Max
7.42	0.001	-7.760652	Max
7.4	0.001	-7.1997915	Max
7.3	0.001	-7.4292818	Max
7.2	0.001	-7.4289145	Max
7.1	0.001	-7.4285471	Max
7	0.001	-7.4281796	Max
6	0.001	-7.4244999	Max
5	0.001	-7.4207715	Max
4	0.001	-7.3938981	Max
