20	1.422	-1.1121887	Max
15	1.4056	-1.2227404	Max
14	1.3908	-1.3094639	Max
13.5	1.3784	-2.0937518	Max
13.49	1.3782	-2.0953256	Max
13.48	1.3778	-2.0969095	Max
13.45	1.377	-2.1017222	Max
13.4	1.3754	-2.1099519	Max
13.3	1.3722	-2.1272282	Max
13.2	1.3686	-2.1456642	Max
13	1.3606	-1.4695525	Max
12.7	1.3462	-2.2587285	Max
12.5	1.3346	-1.5992565	Max
12.4	1.3282	-1.6310778	Max
12	1.2972	-1.7840001	Max
11	1.1752	-2.4432661	Max
10	0.9918	-3.8435731	Max
9	0.7842	-6.5801175	Max
8.5	0.6776	-8.6617417	Max
8.2	0.611	-10.197023	Max
8.1	0.588	-10.762364	Max
8	0.5644	-11.356291	Max
7.8	0.5152	-12.634442	Max
7.7	0.4892	-13.32097	Max
7.65	0.4764	-14.380695	Max
7.63	0.4708	-14.525177	Max
7.61	0.4652	-14.671014	Max
7.605	0.4638	-14.707687	Max
7.6	0.4614	-14.040649	Max
7.5995	0.4622	-14.748125	Max
