12	9.9998	-5.3024812	Max
11	9.9998	-5.2988255	Max
10	9.9998	-5.2951659	Max
9	9.9998	-5.2915026	Max
8.5	9.9998	-5.2896694	Max
8.2	9.9998	-5.288569	Max
8.1	9.9998	-5.2882021	Max
8	9.9998	-5.2878351	Max
7.8	9.9998	-5.2871011	Max
7.7	9.9998	-5.2867341	Max
7.65	9.9998	-5.9901528	Max
7.63	9.9998	-5.990152	Max
7.61	9.9998	-5.9901512	Max
7.605	9.9998	-5.990151	Max
7.6	9.9998	-5.2863669	Max
7.5995	9.9998	-5.9901507	Max
7.599	9.9998	-5.9901507	Max
7.598	9.9998	-5.9901507	Max
7.595	9.9998	-5.9901506	Max
7.59	9.9998	-5.9901503	Max
7.58	9.9998	-5.9901499	Max
7.5	9.9998	-5.2859998	Max
7.49	9.9998	-5.9901463	Max
7.48	9.9998	-5.9901459	Max
7.479	9.9998	-5.9901458	Max
7.478	9.9998	-5.9901458	Max
7.475	9.9998	-5.9901457	Max
7.47	9.9998	-5.9901455	Max
7.46	9.9998	-5.9901451	Max
7.45	9.9998	-5.9901447	Max
7.44	9.9998	-5.9901443	Max
7.435	9.9998	-5.9901441	Max
7.43	9.9998	-5.9901439	Max
7.42	9.9998	-5.9901435	Max
7.4	9.9998	-5.2856325	Max
7.3	9.9998	-5.2852653	Max
7.2	9.9998	-5.2848979	Max
7.1	9.9998	-5.2845305	Max
7	9.9998	-5.2841631	Max
6	9.9998	-5.2804833	Max
5	9.9998	-5.276755	Max
4	9.9998	-5.2498815	Max
