8.1	1.552	-12.677067	Max
8	1.552	-12.6767	Max
7.8	1.552	-12.675966	Max
7.7	1.552	-12.675599	Max
7.65	1.552	-13.379018	Max
7.63	1.552	-13.379017	Max
7.61	1.552	-13.379016	Max
7.605	1.552	-13.379016	Max
7.6	1.552	-12.675232	Max
7.5995	1.552	-13.379015	Max
7.599	1.552	-13.379015	Max
7.598	1.552	-13.379015	Max
7.595	1.552	-13.379015	Max
7.59	1.552	-13.379015	Max
7.58	1.552	-13.379015	Max
7.5	1.552	-12.674864	Max
7.49	1.552	-13.379011	Max
7.48	1.552	-13.379011	Max
7.479	1.552	-13.37901	Max
7.478	1.552	-13.37901	Max
7.475	1.552	-13.37901	Max
7.47	1.552	-13.37901	Max
7.46	1.552	-13.37901	Max
7.45	1.552	-13.379009	Max
7.44	1.552	-13.379009	Max
7.435	1.552	-13.379009	Max
7.43	1.552	-13.379009	Max
7.42	1.552	-13.379008	Max
7.4	1.552	-12.674497	Max
7.3	1.552	-12.67413	Max
7.2	1.552	-12.673763	Max
7.1	1.552	-12.673395	Max
7	1.552	-12.673028	Max
6	1.552	-12.669348	Max
5	1.552	-12.66562	Max
4	1.552	-12.638746	Max

