4	0.134	-15.190888	Min
5	0.134	-15.217762	Min
6	0.134	-15.22149	Min
7	0.134	-15.22517	Min
7.1	0.134	-15.225537	Min
7.2	0.134	-15.225905	Min
7.3	0.134	-15.226272	Min
7.4	0.134	-15.226639	Min
7.5	0.22	-14.869789	Min
7.6	0.2094	-14.161957	Min
7.7	0.201	-13.493455	Min
7.8	0.1942	-12.862016	Min
8	0.1834	-11.702445	Min
8.1	0.179	-11.170797	Min
8.2	0.1752	-10.669124	Min
8.5	0.166	-9.3299754	Min
9	0.1554	-7.5795789	Min
10	0.1436	-5.4499949	Min
11	0.1386	-4.4596901	Min
12	0.137	-4.001078	Min
12.4	0.1366	-3.8915017	Min
12.5	0.1366	-3.8683879	Min
13	0.1362	-3.7727464	Min
14	0.136	-3.6506467	Min
15	0.1358	-3.5820748	Min
20	0.1356	-3.4915618	Min
