13.49	9.9998	0.14924753	Min
13.48	9.9998	0.11041661	Min
13.45	9.9998	-0.0075468702	Min
13.4	9.9998	-0.20910867	Min
13.3	9.9998	-0.63123669	Min
13.2	9.9998	-1.0795302	Min
13	9.9998	-1.3631594	Min
12.7	9.9998	-3.7542973	Min
12.5	9.9998	-4.3635065	Min
12.4	9.9998	-5.069428	Min
12	9.2638	-6.6575039	Min
11	7.264	-9.7071842	Min
10	5.264	-11.784592	Min
9	3.264	-12.750563	Min
8.5	2.7484	-12.79152	Min
8.2	2.7484	-12.79042	Min
8.1	2.7484	-12.790053	Min
8	2.7484	-12.789686	Min
7.8	2.7484	-12.788952	Min
7.7	2.7484	-12.788585	Min
7.65	2.7484	-13.492004	Min
7.63	2.7484	-13.492003	Min
7.61	2.7484	-13.492002	Min
7.605	2.7484	-13.492002	Min
7.6	2.7484	-12.788218	Min
7.5995	2.7484	-13.492002	Min
7.599	2.7484	-13.492002	Min
7.595	2.7484	-13.492002	Min
7.598	2.7484	-13.492002	Min
7.59	2.7484	-13.492001	Min
7.58	2.7484	-13.492001	Min
7.5	2.7484	-12.787851	Min
7.49	2.7484	-13.491997	Min
7.48	2.7484	-13.491997	Min
7.479	2.7484	-13.491997	Min
7.478	2.7484	-13.491997	Min
7.475	2.7484	-13.491997	Min
7.47	2.7484	-13.491996	Min
7.46	2.7484	-13.491996	Min
7.45	2.7484	-13.491996	Min
7.44	2.7484	-13.491995	Min
7.435	2.7484	-13.491995	Min
7.43	2.7484	-13.491995	Min
7.42	2.7484	-13.491994	Min
7.4	2.7484	-12.787483	Min
7.3	2.7484	-12.787116	Min
7.2	2.7484	-12.786749	Min
7.1	2.7484	-12.786381	Min
7	2.7484	-12.786014	Min
6	2.7484	-12.782334	Min
5	2.7484	-12.778606	Min
4	2.7484	-12.751732	Min

