# 0.300 * pow(n,0.495299)

1	0.37951370862744088219	0.28395401744576881375
2	0.62165513362627600191	0.42031734225414563166
3	0.80861544735704882214	0.51921158744333983925
5	1.1041575934176421914	0.67125401334724132951
8	1.4499505738749109973	0.84646499997972446394
10	1.6443054196791635491	0.94438953022059468623
15	2.0572128378672442928	1.1518130095712979521
20	2.4047128922333582679	1.3260338588900171253
25	2.7105672232019770718	1.4792379927546854823
30	2.9869059413785961077	1.6175893460358643505
35	3.2409132901118398173	1.7447215689646764503
