4	0.1278	-16.137936
4.1	0.1278	-16.150219
4.2	0.1278	-16.154459
4.3	0.1278	-16.156087
4.4	0.1278	-16.156773
4.5	0.1278	-16.157088
4.6	0.1278	-16.157244
4.7	0.1278	-16.157327
4.8	0.1278	-16.157374
4.9	0.1278	-16.157403
5	0.1278	-16.157421
5.1	0.1278	-16.157434
5.2	0.1278	-16.157443
5.3	0.1278	-16.157449
5.4	0.1278	-16.157455
5.5	0.1278	-16.15746
5.6	0.1278	-16.157464
5.7	0.1278	-16.157467
5.8	0.1278	-16.157471
5.9	0.1278	-16.157474
6	0.1278	-16.157477
6.1	0.1278	-16.15748
6.2	0.1278	-16.157484
6.3	0.1278	-16.157487
6.4	0.1278	-16.15749
6.5	0.1278	-16.157493
6.6	0.1278	-16.157496
6.7	0.1278	-16.1575
6.8	0.1278	-16.157503
6.9	0.1278	-16.157507
7	0.1278	-16.15751
7.1	0.1278	-16.157514
7.2	0.1278	-16.157518
7.3	0.1278	-16.157521
7.4	0.1278	-16.157525
7.5	0.2024	-15.766196
7.6	0.194	-15.060053
7.7	0.1874	-14.39266
7.8	0.8638	-13.844962
7.9	1.064	-13.613163
8	2.7386	-13.537111
8.1	2.7386	-13.537116
8.2	2.7386	-13.53712
8.3	2.7386	-13.537125
8.4	2.7386	-13.53713
8.5	2.7386	-13.537135
8.6	2.7386	-13.53714
8.7	2.7386	-13.537145
8.8	2.864	-13.534832
8.9	3.064	-13.521197
9	3.264	-13.494927
9.1	3.464	-13.455857
9.2	3.664	-13.40404
9.3	3.864	-13.339648
9.4	4.064	-13.262922
9.5	4.264	-13.174132
9.6	4.464	-13.073553
9.7	4.664	-12.961456
9.8	4.864	-12.838099
9.9	5.064	-12.703721
10	5.264	-12.558546
10.1	5.464	-12.402775
10.2	5.664	-12.236595
10.3	5.864	-12.060175
10.4	6.064	-11.873669
10.5	6.264	-11.677216
10.6	6.464	-11.470945
10.7	6.664	-11.254972
10.8	6.864	-11.029402
10.9	7.064	-10.794333
11	7.264	-10.549853
11.1	7.464	-10.296044
11.2	7.664	-10.032982
11.3	7.8638	-9.7607377
11.4	8.0638	-9.4793779
11.5	8.2638	-9.1889556
11.6	8.4638	-8.8895255
11.7	8.6638	-8.581138
11.8	8.8638	-8.2638403
11.9	9.0638	-7.937676
12	9.2638	-7.602686
12.1	9.4638	-7.2589082
12.2	9.6638	-6.9063784
12.3	9.8638	-6.5451297
12.4	9.9998	-6.0602345
12.5	9.9998	-5.3537467
12.6	0.13	-4.6858979
12.7	0.13	-4.665436
12.8	0.13	-4.6462498
12.9	0.13	-4.6282479
13	0.1298	-4.6113469
13.1	0.1298	-4.5954694
13.2	0.1298	-4.5805445
13.3	0.1298	-4.566507
13.4	0.1298	-4.5532971
13.5	0.1296	-4.5408596
13.6	0.1296	-4.529144
13.7	0.1296	-4.5181028
13.8	0.1296	-4.5076924
13.9	0.1296	-4.4978725
14	0.1296	-4.488606
14.1	0.1296	-4.4798582
14.2	0.1296	-4.4715969
14.3	0.1296	-4.4637925
14.4	0.1296	-4.456417
14.5	0.1296	-4.4494448
14.6	0.1294	-4.4428518
14.7	0.1294	-4.4366156
14.8	0.1294	-4.4307153
14.9	0.1294	-4.4251311
15	0.1294	-4.419845
15.1	0.1294	-4.4148397
15.2	0.1294	-4.4100992
15.3	0.1294	-4.4056087
15.4	0.1294	-4.401354
15.5	0.1294	-4.397322
15.6	0.1294	-4.3935003
15.7	0.1294	-4.3898774
15.8	0.1294	-4.3864422
15.9	0.1294	-4.3831846
16	0.1294	-4.3800949
16.1	0.1294	-4.377164
16.2	0.1294	-4.3743834
16.3	0.1294	-4.3717451
16.4	0.1294	-4.3692414
16.5	0.1294	-4.3668652
16.6	0.1294	-4.3646098
16.7	0.1294	-4.3624688
16.8	0.1294	-4.3604362
16.9	0.1294	-4.3585062
17	0.1294	-4.3566737
17.1	0.1294	-4.3549334
17.2	0.1294	-4.3532807
17.3	0.1294	-4.3517109
17.4	0.1294	-4.3502199
17.5	0.1294	-4.3488035
17.6	0.1294	-4.3474579
17.7	0.1294	-4.3461796
17.8	0.1294	-4.344965
17.9	0.1294	-4.343811
18	0.1294	-4.3427144
18.1	0.1294	-4.3416724
18.2	0.1294	-4.3406821
18.3	0.1294	-4.339741
18.4	0.1294	-4.3388466
18.5	0.1294	-4.3379965
18.6	0.1294	-4.3371885
18.7	0.1294	-4.3364205
18.8	0.1294	-4.3356905
18.9	0.1294	-4.3349966
19	0.1294	-4.3343369
19.1	0.1294	-4.3337097
19.2	0.1294	-4.3331136
19.3	0.1294	-4.3325468
19.4	0.1294	-4.3320079
19.5	0.1294	-4.3314955
19.6	0.1294	-4.3310084
19.7	0.1294	-4.3305453
19.8	0.1294	-4.3301049
19.9	0.1294	-4.3296862
