4 0.2294  -13.389583
4.1 0.2294  -13.447725
4.2 0.2294  -13.475461
4.3 0.2294  -13.489833
4.4 0.2294  -13.497806
4.5 0.2294  -13.502498
4.6 0.2294  -13.505406
4.7 0.2294  -13.507294
4.8 0.2294  -13.508572
4.9 0.2294  -13.50947
5 0.2294  -13.510124
5.1 0.2294  -13.510613
5.2 0.2294  -13.510991
5.3 0.2294  -13.511289
5.4 0.2294  -13.51153
5.5 0.2294  -13.51173
5.6 0.2294  -13.511897
5.7 0.2294  -13.51204
5.8 0.2294  -13.512165
5.9 0.2294  -13.512274
6 0.2294  -13.512372
6.1 0.2294  -13.51246
6.2 0.2294  -13.51254
6.3 0.2294  -13.512613
6.4 0.2294  -13.512682
6.5 0.2294  -13.512746
6.6 0.2294  -13.512806
6.7 0.2294  -13.512862
6.8 0.2294  -13.512916
6.9 0.2294  -13.512968
7 0.2294  -13.513018
7.1 0.2294  -13.513066
7.2 0.2294  -13.513112
7.3 0.2294  -13.513157
7.4 0.2294  -13.513201
7.5 0.264 -13.497236
7.6 0.4638  -13.162405
7.7 2.8172  -13.051753
7.8 2.8172  -13.051793
7.9 2.8172  -13.051833
8 2.8172  -13.051873
8.1 2.8172  -13.051912
8.2 2.8172  -13.05195
8.3 2.8172  -13.051989
8.4 2.8172  -13.052027
8.5 2.8172  -13.052064
8.6 2.8172  -13.052102
8.7 2.8172  -13.052139
8.8 2.864 -13.051616
8.9 3.064 -13.036615
9 3.264 -13.001214
9.1 3.464 -12.945733
9.2 3.664 -12.870622
9.3 3.864 -12.77639
9.4 4.064 -12.663561
9.5 4.264 -12.532645
9.6 4.464 -12.384129
9.7 4.664 -12.218463
9.8 4.864 -12.036062
9.9 5.064 -11.837305
10  5.264 -11.622535
10.1  5.464 -11.392063
10.2  5.664 -11.146172
10.3  5.8638  -10.885123
10.4  6.0638  -10.609147
10.5  6.2638  -10.318447
10.6  6.4638  -10.013212
10.7  6.6638  -9.6936158
10.8  6.8638  -9.359815
10.9  7.0638  -9.0119541
11  7.2638  -8.6501649
11.1  7.4638  -8.2745682
11.2  7.6638  -7.885275
11.3  7.8638  -7.4823878
11.4  8.0638  -7.0660007
11.5  8.2638  -6.6362011
11.6  8.4638  -6.1930696
11.7  8.6638  -5.7366812
11.8  8.8638  -5.2671054
11.9  9.0638  -4.7844071
12  9.2638  -4.2886465
12.1  3.7186  -3.9301626
12.2  3.6414  -3.8576668
12.3  3.578 -3.7928034
12.4  3.5252  -3.7343766
12.5  3.4804  -3.6814635
12.6  3.442 -3.63333
12.7  3.4088  -3.5893792
12.8  3.3798  -3.549117
12.9  3.3542  -3.5121288
13  3.3316  -3.4780628
13.1  3.3116  -3.4466174
13.2  3.2938  -3.4175321
13.3  3.2778  -3.3905802
13.4  3.2634  -3.3655634
13.5  3.2504  -3.342307
13.6  3.2386  -3.3206567
13.7  3.228 -3.3004753
13.8  3.2182  -3.2816404
13.9  3.2094  -3.2640425
14  3.2014  -3.2475833
14.1  3.194 -3.2321741
14.2  3.1872  -3.2177351
14.3  3.181 -3.2041937
14.4  3.1752  -3.191484
14.5  3.17  -3.1795461
14.6  3.165 -3.1683254
14.7  3.1606  -3.157772
14.8  3.1564  -3.1478401
14.9  3.1526  -3.1384876
15  3.149 -3.1296761
15.1    3.1456  -3.12137                                            
15.2  3.1424  -3.1135365
15.3  3.1396  -3.1061455
15.4  3.1368  -3.0991689
15.5  3.1344  -3.0925808
15.6  3.132 -3.0863573
15.7  3.1298  -3.0804761
15.8  3.1278  -3.0749164
15.9  3.1258  -3.069659
16  3.124 -3.0646859
16.1  3.1224  -3.0599804
16.2  3.1208  -3.0555269
16.3  3.1192  -3.0513108
16.4  3.1178  -3.0473185
16.5  3.1166  -3.0435373
16.6  3.1152  -3.0399551
16.7  3.114 -3.0365609
16.8  3.113 -3.033344

