4	2.8512	-12.385897
4.1	2.8512	-12.526
4.2	2.8512	-12.604441
4.3	2.8512	-12.651701
4.4	2.8512	-12.681858
4.5	2.8512	-12.702043
4.6	2.8512	-12.716121
4.7	2.8512	-12.726301
4.8	2.8512	-12.733901
4.9	2.8512	-12.739739
5	2.8512	-12.74434
5.1	2.8512	-12.74805
5.2	2.8512	-12.751104
5.3	2.8512	-12.753667
5.4	2.8512	-12.755852
5.5	2.8512	-12.757746
5.6	2.8512	-12.759408
5.7	2.8512	-12.760886
5.8	2.8512	-12.762215
5.9	2.8512	-12.763422
6	2.8512	-12.764528
6.1	2.8512	-12.765551
6.2	2.8512	-12.766503
6.3	2.8512	-12.767396
6.4	2.8512	-12.768239
6.5	2.8512	-12.769038
6.6	2.8512	-12.7698
6.7	2.8512	-12.770529
6.8	2.8512	-12.771231
6.9	2.8512	-12.771908
7	2.8512	-12.772564
7.1	2.8512	-12.773201
7.2	2.8512	-12.773822
7.3	2.8512	-12.774428
7.4	2.8512	-12.775021
7.5	2.8512	-12.775603
7.6	2.8512	-12.776174
7.7	2.8512	-12.776737
7.8	2.8512	-12.777291
7.9	2.8512	-12.777839
8	2.8512	-12.778379
8.1	2.8512	-12.778914
8.2	2.8512	-12.779444
8.3	2.8512	-12.77997
8.4	2.8512	-12.780491
8.5	2.8512	-12.781008
8.6	2.8512	-12.781522
8.7	2.8512	-12.782032
8.8	2.864	-12.78248
8.9	3.064	-12.766431
9	3.264	-12.721573
9.1	3.464	-12.648744
9.2	3.664	-12.548828
9.3	3.864	-12.422697
9.4	4.064	-12.271181
9.5	4.264	-12.095056
9.6	4.464	-11.895033
9.7	4.664	-11.671757
9.8	4.8638	-11.425827
9.9	5.0638	-11.157769
10	5.2638	-10.868047
10.1	5.4638	-10.557091
10.2	5.6638	-10.225287
10.3	5.8638	-9.8729811
10.4	6.0638	-9.500489
10.5	6.2638	-9.1080948
10.6	6.4638	-8.6960564
10.7	6.6638	-8.2646084
10.8	6.8638	-7.8139642
10.9	7.0638	-7.3443188
11	7.2638	-6.8558506
11.1	7.4638	-6.3487228
11.2	7.6638	-5.8230859
11.3	3.9476	-5.5433025
11.4	3.8214	-5.4172019
11.5	3.7256	-5.306681
11.6	3.6492	-5.2086218
11.7	3.587	-5.1208563
11.8	3.535	-5.0417783
11.9	3.491	-4.9701468
12	3.4532	-4.904974
12.1	3.4206	-4.8454558
12.2	3.3922	-4.7909262
12.3	3.3672	-4.740826
12.4	3.345	-4.6946802
12.5	3.3254	-4.6520818
12.6	3.308	-4.6126787
12.7	3.2924	-4.5761645
12.8	3.2782	-4.5422711
12.9	3.2656	-4.5107622
13	3.2542	-4.481429
13.1	3.2438	-4.4540857
13.2	3.2344	-4.4285668
13.3	3.2258	-4.4047239
13.4	3.2178	-4.382424
13.5	3.2106	-4.3615469
13.6	3.204	-4.3419844
13.7	3.198	-4.3236383
13.8	3.1924	-4.3064192
13.9	3.1872	-4.290246
14	3.1826	-4.2750448
14.1	3.1782	-4.2607477
14.2	3.1742	-4.2472928
14.3	3.1704	-4.2346231
14.4	3.1668	-4.2226864
14.5	3.1636	-4.2114346
14.6	3.1606	-4.2008233
14.7	3.1578	-4.1908114
14.8	3.1552	-4.181361
14.9	3.1528	-4.1724372
15	3.1504	-4.1640072
15.1	3.1484	-4.156041
15.2	3.1464	-4.1485104
15.3	3.1444	-4.1413894
15.4	3.1426	-4.1346535
15.5	3.141	-4.1282802
15.6	3.1396	-4.1222483
15.7	3.138	-4.1165381
15.8	3.1366	-4.1111309
15.9	3.1354	-4.1060097
16	3.1342	-4.1011582
16.1	3.133	-4.0965612
16.2	3.132	-4.0922045
16.3	3.131	-4.0880749
16.4	3.13	-4.0841597
16.5	3.1292	-4.0804473
16.6	3.1284	-4.0769265
16.7	3.1276	-4.073587
16.8	3.1268	-4.0704189
16.9	3.126	-4.0674131
17	3.1254	-4.064561
17.1	3.1248	-4.0618542
17.2	3.1242	-4.0592851
17.3	3.1236	-4.0568465
17.4	3.123	-4.0545314
17.5	3.1226	-4.0523334
17.6	3.1222	-4.0502463
17.7	3.1216	-4.0482645
17.8	3.1212	-4.0463824
17.9	3.1208	-4.0445948
18	3.1204	-4.0428969
18.1	3.12	-4.0412841
18.2	3.1198	-4.039752
18.3	3.1194	-4.0382965
18.4	3.119	-4.0369135
18.5	3.1188	-4.0355996
18.6	3.1186	-4.0343511
18.7	3.1182	-4.0331647
18.8	3.118	-4.0320373
18.9	3.1178	-4.0309658
19	3.1176	-4.0299475
19.1	3.1174	-4.0289797
19.2	3.1172	-4.0280599
19.3	3.117	-4.0271855
19.4	3.1168	-4.0263545
19.5	3.1166	-4.0255645
19.6	3.1164	-4.0248135
19.7	3.1162	-4.0240996
19.8	3.1162	-4.0234209
19.9	3.116	-4.0227756
