4	2.8796	-11.456262
4.1	2.8796	-11.804692
4.2	2.8796	-12.028018
4.3	2.8796	-12.180889
4.4	2.8796	-12.29079
4.5	2.8796	-12.372946
4.6	2.8796	-12.436385
4.7	2.8796	-12.486744
4.8	2.8796	-12.527689
4.9	2.8796	-12.561685
5	2.8796	-12.590442
5.1	2.8796	-12.615171
5.2	2.8796	-12.636751
5.3	2.8796	-12.655834
5.4	2.8796	-12.672909
5.5	2.8796	-12.68835
5.6	2.8796	-12.702448
5.7	2.8796	-12.715432
5.8	2.8796	-12.727481
5.9	2.8796	-12.738743
6	2.8796	-12.749334
6.1	2.8796	-12.759353
6.2	2.8796	-12.768878
6.3	2.8796	-12.777977
6.4	2.8796	-12.786704
6.5	2.8796	-12.795108
6.6	2.8796	-12.803227
6.7	2.8796	-12.811097
6.8	2.8796	-12.818745
6.9	2.8796	-12.826197
7	2.8796	-12.833475
7.1	2.8796	-12.840597
7.2	2.8796	-12.847581
7.3	2.8796	-12.85444
7.4	2.8796	-12.861186
7.5	2.8796	-12.867832
7.6	2.8796	-12.874386
7.7	2.8796	-12.880857
7.8	2.8796	-12.887254
7.9	2.8796	-12.893582
8	2.8796	-12.899848
8.1	2.8796	-12.906056
8.2	2.8796	-12.912213
8.3	2.8796	-12.918322
8.4	2.8796	-12.924386
8.5	2.8796	-12.93041
8.6	2.8796	-12.936396
8.7	2.8796	-12.942347
8.8	2.8796	-12.948265
8.9	3.064	-12.934543
9	3.264	-12.875955
9.1	3.464	-12.774203
9.2	3.664	-12.631003
9.3	3.8638	-12.447928
9.4	4.0638	-12.226438
9.5	4.2638	-11.967773
9.6	4.4638	-11.67308
9.7	4.6638	-11.343384
9.8	4.8638	-10.979599
9.9	5.0638	-10.582542
10	5.2638	-10.152942
10.1	5.4638	-9.6914537
10.2	5.6638	-9.1986633
10.3	4.3992	-8.7680004
10.4	4.1096	-8.5077155
10.5	3.9384	-8.2910383
10.6	3.8172	-8.1042099
10.7	3.7244	-7.9401683
10.8	3.6506	-7.7944379
10.9	3.5902	-7.6638801
11	3.5398	-7.5461564
11.1	3.497	-7.4394526
11.2	3.4604	-7.3423202
11.3	3.4288	-7.2535772
11.4	3.401	-7.1722426
11.5	3.3768	-7.0974913
11.6	3.3554	-7.0286216
11.7	3.3364	-6.965031
11.8	3.3194	-6.9061981
11.9	3.3042	-6.851669
12	3.2906	-6.8010454
12.1	3.2782	-6.7539768
12.2	3.2672	-6.7101527
12.3	3.257	-6.669297
12.4	3.2478	-6.6311634
12.5	3.2396	-6.5955312
12.6	3.232	-6.5622021
12.7	3.225	-6.5309975
12.8	3.2186	-6.5017557
12.9	3.2126	-6.4743305
13	3.2072	-6.4485888
13.1	3.2022	-6.4244095
13.2	3.1978	-6.4016822
13.3	3.1934	-6.3803059
13.4	3.1896	-6.360188
13.5	3.1858	-6.3412436
13.6	3.1826	-6.3233946
13.7	3.1794	-6.3065693
13.8	3.1764	-6.2907012
13.9	3.1738	-6.2757293
14	3.1712	-6.2615967
14.1	3.1688	-6.2482513
14.2	3.1666	-6.2356442
14.3	3.1646	-6.2237304
14.4	3.1626	-6.212468
14.5	3.1608	-6.2018179
14.6	3.159	-6.1917438
14.7	3.1576	-6.1822118
14.8	3.156	-6.1731902
14.9	3.1546	-6.1646496
15	3.1532	-6.1565624
15.1	3.152	-6.1489026
15.2	3.1508	-6.1416462
15.3	3.1498	-6.1347705
15.4	3.1488	-6.1282542
15.5	3.1478	-6.1220773
15.6	3.1468	-6.1162212
15.7	3.146	-6.1106683
15.8	3.1452	-6.1054021
15.9	3.1444	-6.1004069
16	3.1438	-6.0956683
16.1	3.143	-6.0911723
16.2	3.1424	-6.086906
16.3	3.1418	-6.0828572
16.4	3.1412	-6.0790144
16.5	3.1406	-6.0753667
16.6	3.1402	-6.0719037
16.7	3.1396	-6.0686159
16.8	3.1392	-6.0654941
16.9	3.1388	-6.0625296
17	3.1384	-6.0597142
17.1	3.138	-6.0570403
17.2	3.1376	-6.0545006
17.3	3.1372	-6.0520881
17.4	3.1368	-6.0497963
17.5	3.1366	-6.047619
17.6	3.1362	-6.0455504
17.7	3.136	-6.0435849
17.8	3.1358	-6.0417173
17.9	3.1354	-6.0399426
18	3.1352	-6.0382561
18.1	3.135	-6.0366534
18.2	3.1348	-6.0351302
18.3	3.1346	-6.0336825
18.4	3.1344	-6.0323065
18.5	3.1342	-6.0309986
18.6	3.134	-6.0297554
18.7	3.1338	-6.0285737
18.8	3.1336	-6.0274503
18.9	3.1336	-6.0263823
19	3.1334	-6.0253671
19.1	3.1332	-6.0244019
19.2	3.1332	-6.0234843
19.3	3.133	-6.0226119
19.4	3.1328	-6.0217824
19.5	3.1328	-6.0209937
19.6	3.1326	-6.0202439
19.7	3.1326	-6.0195309
19.8	3.1324	-6.0188529
19.9	3.1324	-6.0182083
