40	0.1292	-11.699312	Min
40	1.4608	-9.1539559	Max
40	3.0528	-9.3933696	Min
40	0.001	-4.2354157	Max
40	9.9998	-2.6764378	Max
20	0.1294	-10.320007	Min
20	1.4598	-7.7757792	Max
20	3.0568	-8.0169851	Min
20	0.001	-2.8560161	Max
20	9.9998	-1.3188027	Max
19	0.1294	-10.221917	Min
19	1.4592	-7.6784079	Max
19	3.0592	-7.920765	Min
19	0.001	-2.7578669	Max
19	9.9998	-1.2357619	Max
18	0.1294	-10.121191	Min
18	1.4582	-7.5788733	Max
18	3.0636	-7.8231677	Min
18	0.001	-2.657042	Max
18	9.9998	-1.1629628	Max
17	0.1294	-10.019118	Min
17	1.4566	-7.478813	Max
17	3.0712	-7.7264615	Min
17	0.001	-2.5548034	Max
17	9.9998	-1.1183632	Max
16	0.1294	-9.9182247	Min
16	1.4536	-7.3814215	Max
16	3.0854	-7.635165	Min
16	0.001	-2.4536242	Max
16	9.9998	-1.1577752	Max
15	0.1294	-9.8233408	Min
15	1.4482	-7.2929343	Max
15	3.1136	-7.5586721	Min
15	0.001	-2.358227	Max
15	9.9998	-1.4961858	Max
14	0.1294	-9.7438373	Min
14	1.4374	-7.2260067	Max
14	3.18	-7.5186291	Min
14	0.001	-2.2777386	Max
14	9.9998	-2.8853109	Max
13	0.1296	-9.698822	Min
13	1.4138	-7.208367	Max
13	3.3818	-7.5763393	Min
13	8.57	-6.0143125	Max
13	9.2638	-6.1057003	Min
13	0.001	-2.2306411	Max
13	9.9998	-4.798046	Max
12	0.1302	-9.7308226	Min
12	1.3594	-7.3073521	Max
12	7.2638	-8.9703017	Min
12	0.001	-2.2576429	Max
12	9.9998	-4.7164084	Max
11.5	0.1306	-9.8040847	Min
11.5	1.31	-7.4477379	Max
11.5	6.2638	-10.053913	Min
11.5	0.001	-2.3258089	Max
11.5	9.9998	-4.6731051	Max
11	0.1314	-9.9460357	Min
11	1.24	-7.6981897	Max
11	5.2638	-10.88966	Min
11	0.001	-2.4590633	Max
11	9.9998	-4.6279444	Max
10.5	0.1328	-10.198642	Min
10.5	1.1492	-8.1191262	Max
10.5	4.264	-11.457704	Min
10.5	0.001	-2.6966326	Max
10.5	9.9998	-4.5807497	Max
10	0.1352	-10.628325	Min
10	1.0434	-8.7892374	Max
10	3.264	-11.728745	Min
10	0.001	-3.1008032	Max
10	9.9998	-4.5313182	Max
9.5	0.1394	-11.328894	Min
9.5	0.9318	-9.7954257	Max
9.5	2.7398	-11.718893	Min
9.5	0.001	-3.7607324	Max
9.5	9.9998	-4.4794162	Max
9	0.1456	-12.410689	Min
9	0.821	-11.221969	Max
9	1.264	-11.621747	Min
9	1.5946	-11.568302	Max
9	2.7398	-11.664227	Min
9	0.001	-4.7835865	Max
9	9.9998	-4.4247722	Max
8.5	0.1548	-13.985132	Min
8.5	1.5946	-11.510548	Max
8.5	2.7398	-11.606486	Min
8.5	0.001	-6.2784821	Max
8.5	9.9998	-4.367068	Max
8	0.1278	-14.164875	Min
8	1.5946	-11.449332	Max
8	2.7398	-11.545291	Min
8	0.001	-6.7181012	Max
8	9.9998	-4.3059279	Max
7.5	0.1278	-14.099689	Min
7.5	1.5946	-11.384196	Max
7.5	2.74	-11.480186	Min
7.5	0.001	-6.6529105	Max
7.5	9.9998	-4.2409034	Max
7	0.1278	-14.029996	Min
7	1.5946	-11.314583	Max
7	2.74	-11.410621	Min
7	0.001	-6.5832097	Max
7	9.9998	-4.1714533	Max
6.5	0.1278	-13.955087	Min
6.5	1.5944	-11.239809	Max
6.5	2.7402	-11.33592	Min
6.5	0.001	-6.5082864	Max
6.5	9.9998	-4.0969161	Max
6	0.1278	-13.87405	Min
6	1.5942	-11.159012	Max
6	2.7406	-11.255244	Min
6	0.001	-6.4272223	Max
6	9.9998	-4.0164717	Max
5.5	0.1278	-13.785655	Min
5.5	1.5938	-11.071089	Max
5.5	2.741	-11.167525	Min
5.5	0.001	-6.3387699	Max
5.5	9.9998	-3.9290855	Max
5	0.1278	-13.688089	Min
5	1.5932	-10.974574	Max
5	2.7418	-11.071382	Min
5	0.001	-6.2410569	Max
5	9.9998	-3.8334273	Max
