40	0.1292	-11.699312	Min
40	3.0528	-9.3933696	Min
20	0.1294	-10.320007	Min
20	3.0568	-8.0169851	Min
19	0.1294	-10.221917	Min
19	3.0592	-7.920765	Min
18	0.1294	-10.121191	Min
18	3.0636	-7.8231677	Min
17	0.1294	-10.019118	Min
17	3.0712	-7.7264615	Min
16	0.1294	-9.9182247	Min
16	3.0854	-7.635165	Min
15	0.1294	-9.8233408	Min
15	3.1136	-7.5586721	Min
14	0.1294	-9.7438373	Min
14	3.18	-7.5186291	Min
13	0.1296	-9.698822	Min
13	3.3818	-7.5763393	Min
13	9.2638	-6.1057003	Min
12	0.1302	-9.7308226	Min
12	7.2638	-8.9703017	Min
11.5	0.1306	-9.8040847	Min
11.5	6.2638	-10.053913	Min
11	0.1314	-9.9460357	Min
11	5.2638	-10.88966	Min
10.5	0.1328	-10.198642	Min
10.5	4.264	-11.457704	Min
10	0.1352	-10.628325	Min
10	3.264	-11.728745	Min
9.5	0.1394	-11.328894	Min
9.5	2.7398	-11.718893	Min
9	0.1456	-12.410689	Min
9	1.264	-11.621747	Min
9	2.7398	-11.664227	Min
8.5	0.1548	-13.985132	Min
8.5	2.7398	-11.606486	Min
8	0.1278	-14.164875	Min
8	2.7398	-11.545291	Min
7.5	0.1278	-14.099689	Min
7.5	2.74	-11.480186	Min
7	0.1278	-14.029996	Min
7	2.74	-11.410621	Min
6.5	0.1278	-13.955087	Min
6.5	2.7402	-11.33592	Min
6	0.1278	-13.87405	Min
6	2.7406	-11.255244	Min
5.5	0.1278	-13.785655	Min
5.5	2.741	-11.167525	Min
5	0.1278	-13.688089	Min
5	2.7418	-11.071382	Min
