40	1.4608	-9.1539559	Max
40	0.001	-4.2354157	Max
40	9.9998	-2.6764378	Max
20	1.4598	-7.7757792	Max
20	0.001	-2.8560161	Max
20	9.9998	-1.3188027	Max
19	1.4592	-7.6784079	Max
19	0.001	-2.7578669	Max
19	9.9998	-1.2357619	Max
18	1.4582	-7.5788733	Max
18	0.001	-2.657042	Max
18	9.9998	-1.1629628	Max
17	1.4566	-7.478813	Max
17	0.001	-2.5548034	Max
17	9.9998	-1.1183632	Max
16	1.4536	-7.3814215	Max
16	0.001	-2.4536242	Max
16	9.9998	-1.1577752	Max
15	1.4482	-7.2929343	Max
15	0.001	-2.358227	Max
15	9.9998	-1.4961858	Max
14	1.4374	-7.2260067	Max
14	0.001	-2.2777386	Max
14	9.9998	-2.8853109	Max
13	1.4138	-7.208367	Max
13	8.57	-6.0143125	Max
13	0.001	-2.2306411	Max
13	9.9998	-4.798046	Max
12	1.3594	-7.3073521	Max
12	0.001	-2.2576429	Max
12	9.9998	-4.7164084	Max
11.5	1.31	-7.4477379	Max
11.5	0.001	-2.3258089	Max
11.5	9.9998	-4.6731051	Max
11	1.24	-7.6981897	Max
11	0.001	-2.4590633	Max
11	9.9998	-4.6279444	Max
10.5	1.1492	-8.1191262	Max
10.5	0.001	-2.6966326	Max
10.5	9.9998	-4.5807497	Max
10	1.0434	-8.7892374	Max
10	0.001	-3.1008032	Max
10	9.9998	-4.5313182	Max
9.5	0.9318	-9.7954257	Max
9.5	0.001	-3.7607324	Max
9.5	9.9998	-4.4794162	Max
9	0.821	-11.221969	Max
9	1.5946	-11.568302	Max
9	0.001	-4.7835865	Max
9	9.9998	-4.4247722	Max
8.5	1.5946	-11.510548	Max
8.5	0.001	-6.2784821	Max
8.5	9.9998	-4.367068	Max
8	1.5946	-11.449332	Max
8	0.001	-6.7181012	Max
8	9.9998	-4.3059279	Max
7.5	1.5946	-11.384196	Max
7.5	0.001	-6.6529105	Max
7.5	9.9998	-4.2409034	Max
7	1.5946	-11.314583	Max
7	0.001	-6.5832097	Max
7	9.9998	-4.1714533	Max
6.5	1.5944	-11.239809	Max
6.5	0.001	-6.5082864	Max
6.5	9.9998	-4.0969161	Max
6	1.5942	-11.159012	Max
6	0.001	-6.4272223	Max
6	9.9998	-4.0164717	Max
5.5	1.5938	-11.071089	Max
5.5	0.001	-6.3387699	Max
5.5	9.9998	-3.9290855	Max
5	1.5932	-10.974574	Max
5	0.001	-6.2410569	Max
5	9.9998	-3.8334273	Max
