0	10728	3.31167
0	1	3.31229
1	10729	3.1292
1	10727	2.75175
1	2	5.33375
2	10730	3.93226
2	10725	3.53562
2	5	6.00304
2	3	3.65252
3	10732	4.66003
3	10724	4.24485
3	6	6.61002
3	4	3.55237
4	10731	4.87353
4	10726	4.46394
5	10734	3.92888
5	10720	3.55434
5	13	4.95636
5	7	5.25857
5	6	6.08325
6	10735	4.98673
6	10719	4.55038
6	14	5.02738
6	8	10.3862
7	10733	2.58811
7	10721	2.45158
7	15	5.41851
8	10738	6.07673
8	10717	5.57078
8	16	6.42191
8	9	12.4613
9	10740	6.96749
9	10716	6.44587
9	17	9.46758
9	10	19.5286
10	10739	7.90889
10	10718	7.45692
10	18	17.9968
10	11	36.1864
11	10737	9.36787
11	10722	9.17606
11	12	7.21611
12	10736	9.60542
12	10723	9.46449
13	10744	4.11369
13	10707	3.77576
13	35	4.38266
13	15	6.6337
13	14	6.56139
14	10745	5.11826
14	10706	4.68098
14	36	4.58343
14	16	8.61598
15	10743	3.05697
15	10708	3.1047
15	37	4.89801
15	19	10.1565
16	10746	6.08863
16	10704	5.55384
16	38	5.4781
16	21	6.72255
16	17	9.22256
17	10748	6.76394
17	10703	6.18363
17	39	7.53188
17	22	7.93924
17	18	12.1904
18	10747	7.37126
18	10705	6.83065
18	40	13.0937
18	30	13.0409
19	10742	2.26357
19	10709	2.45092
19	41	8.78718
19	20	1.97227
20	10741	2.55039
20	10710	2.93345
20	42	9.79654
21	10755	6.34604
21	10698	5.75359
21	44	5.08623
21	23	6.46728
21	22	7.71519
22	10756	6.74054
22	10697	6.07147
22	45	5.1942
22	24	9.36369
23	10754	6.14608
23	10699	5.57665
23	46	6.43445
24	10760	7.10313
24	10695	6.33597
24	47	4.65317
24	25	10.0062
25	10762	7.49979
25	10694	6.72826
25	48	4.55843
25	26	12.1553
26	10761	8.00822
26	10696	7.35253
26	49	4.50272
26	27	13.3943
27	10759	8.6128
27	10700	8.1786
27	50	15.0064
27	31	8.06481
27	29	8.27499
28	10757	9.0476
28	10702	8.78657
28	29	14.8324
29	10758	8.92678
29	10701	8.62763
29	51	18.0566
29	32	8.49342
30	10751	7.92579
30	10712	7.4033
30	31	12.6955
31	10753	8.41366
31	10711	7.96679
31	32	8.02298
32	10752	8.66625
32	10713	8.34117
32	33	6.42957
33	10750	8.63482
33	10714	8.42521
33	34	3.76872
34	10749	8.58802
34	10715	8.47219
35	10773	4.24103
35	10670	4.16871
35	95	3.6137
35	37	5.85484
35	36	6.07092
36	10774	5.13283
36	10669	4.72275
36	96	3.80838
36	38	7.44259
37	10772	3.3621
37	10671	3.92144
37	97	3.89623
37	41	6.70927
38	10775	5.9782
38	10667	5.46185
38	98	4.37931
38	44	6.41894
38	39	7.02741
39	10777	6.51161
39	10666	5.94469
39	99	5.62546
39	45	6.41
39	40	6.60348
40	10776	6.83951
40	10668	6.30269
40	100	8.02333
41	10770	2.72868
41	10672	3.66251
41	101	4.76895
41	52	6.79024
41	42	4.07211
42	10769	3.25045
42	10674	4.21003
42	102	5.35279
42	54	8.54062
42	43	8.66477
43	10771	4.11876
43	10673	5.01207
43	103	7.03281
44	10779	6.21328
44	10662	5.6382
44	104	3.85118
44	58	5.8193
44	46	8.25723
44	45	7.8509
45	10780	6.56901
45	10661	5.91539
45	105	4.13183
45	59	5.40918
45	47	9.70456
46	10778	5.69748
46	10663	5.14888
46	106	3.63225
46	60	8.27176
46	53	8.89503
47	10783	6.87952
47	10659	6.11655
47	107	3.69395
47	61	5.61332
47	48	10.183
48	10785	7.23796
48	10658	6.44635
48	108	3.56287
48	62	7.31414
48	49	13.9843
49	10784	7.83898
49	10660	7.17505
49	109	4.39499
49	63	12.1646
49	50	23.6287
50	10782	9.13012
50	10664	8.88152
50	110	9.00998
50	83	8.5632
50	51	7.14628
51	10781	9.44742
51	10665	9.30784
51	111	10.9716
52	10767	2.3405
52	10676	3.04421
52	112	3.69554
52	54	3.53573
52	53	4.28137
53	10768	3.71718
53	10675	3.19222
53	113	3.74209
53	54	5.4132
54	10766	3.36537
54	10677	4.31191
54	114	3.98315
54	55	9.69783
55	10764	5.44043
55	10678	6.50157
55	115	4.5102
55	56	10.127
56	10763	6.85754
56	10680	7.88451
56	116	5.7376
56	57	11.369
57	10765	7.65127
57	10679	8.47314
57	117	14.9492
58	10802	6.55734
58	10647	5.94434
58	119	3.29813
58	60	10.1355
58	59	8.51806
59	10803	6.59833
59	10646	5.90474
59	120	3.46546
59	61	9.50648
60	10801	6.90606
60	10648	6.29368
60	121	3.81176
60	64	16.7743
61	10804	6.71657
61	10644	5.88315
61	122	3.61278
61	66	6.22521
61	62	8.5212
62	10806	6.88071
62	10643	5.94709
62	123	3.89694
62	67	7.31522
62	63	11.1876
63	10805	7.17198
63	10645	6.28194
63	124	4.69572
63	75	10.7632
64	10800	8.72788
64	10649	7.97723
64	125	7.484
64	65	7.77044
65	10799	9.83017
65	10650	9.00643
65	126	10.5862
66	10815	6.65703
66	10638	5.71171
66	127	3.72993
66	68	4.44016
66	67	5.6476
67	10816	6.65582
67	10637	5.53295
67	128	3.53448
67	69	6.56563
68	10814	6.7165
68	10639	5.83466
68	129	4.49399
69	10820	6.67405
69	10635	5.31088
69	130	3.29352
69	70	6.31783
70	10822	6.90019
70	10634	5.51246
70	131	3.47239
70	71	7.34512
71	10821	7.19038
71	10636	6.16072
71	132	4.17572
71	72	8.56515
72	10819	7.43424
72	10640	6.95269
72	133	5.64958
72	76	6.93282
72	74	6.48338
73	10817	8.04349
73	10642	7.87318
73	134	7.62511
73	74	7.76322
74	10818	7.67932
74	10641	7.50815
74	135	6.24005
74	77	9.13859
75	10811	7.26826
75	10652	6.4917
75	136	7.27721
75	84	11.024
75	76	9.41116
76	10813	7.31204
76	10651	6.95279
76	137	5.98427
76	85	6.9163
76	77	8.20733
77	10812	7.3224
77	10653	7.42781
77	138	6.53091
77	86	5.99751
77	79	11.3259
78	10807	8.16087
78	10657	9.14565
78	80	17.5694
79	10810	7.18902
79	10654	7.78379
79	139	6.32727
79	87	6.00189
79	81	10.319
80	10808	7.64866
80	10656	8.53595
80	140	6.88766
80	88	6.60548
80	81	12.1068
81	10809	7.32775
81	10655	8.13268
81	141	6.95539
81	89	5.17962
82	10791	8.88484
82	10685	8.54765
82	83	3.8398
83	10792	8.87055
83	10684	8.51151
83	84	22.2711
84	10796	7.74308
84	10682	7.03618
84	85	12.6375
85	10798	7.35018
85	10681	6.98372
85	86	9.9405
86	10797	7.15144
86	10683	7.38253
86	87	11.5416
87	10795	7.10365
87	10686	7.89124
87	91	8.28909
87	89	8.16274
88	10793	7.49922
88	10688	8.44379
88	89	7.70049
89	10794	7.27586
89	10687	8.23196
89	92	6.6493
90	10788	7.28313
90	10690	8.32879
90	91	4.02885
91	10790	7.21205
91	10689	8.23395
91	92	4.68447
92	10789	7.23609
92	10691	8.40136
92	93	6.62811
93	10787	7.05802
93	10692	8.5963
93	94	4.30371
94	10786	5.46256
94	10693	8.41636
95	10850	4.30412
95	10571	4.86538
95	258	3.10125
95	97	5.23221
95	96	5.4756
96	10851	5.08275
96	10570	4.89109
96	259	3.36083
96	98	6.69892
97	10849	3.81842
97	10572	4.86111
97	260	3.12643
97	101	6.21361
98	10852	5.8189
98	10568	5.36728
98	261	3.78753
98	104	6.08859
98	99	5.84349
99	10854	6.27714
99	10567	5.77903
99	262	4.48703
99	105	6.07437
99	100	4.5969
