40	0.0568	-10.023732	Min
40	0.4944	-7.942254	Max
40	3.1622	-10.023732	Min
40	0.001	-3.807017	Max
40	9.9998	-2.8621007	Max
37	0.0568	-9.8569922	Min
37	0.4944	-7.7755146	Max
37	3.1622	-9.8569922	Min
37	0.001	-3.6402775	Max
37	9.9998	-2.6953612	Max
50	0.0568	-10.500978	Min
50	0.4944	-8.4195001	Max
50	3.1622	-10.500978	Min
50	0.001	-4.284263	Max
50	9.9998	-3.3393467	Max
32	0.0568	-9.5464856	Min
32	0.4944	-7.465008	Max
32	3.1622	-9.5464856	Min
32	0.001	-3.329771	Max
32	9.9998	-2.3848546	Max
30	0.0568	-9.4084545	Min
30	0.4944	-7.3269769	Max
30	3.1622	-9.4084545	Min
30	0.001	-3.1917398	Max
30	9.9998	-2.2468235	Max
28	0.0568	-9.2608967	Min
28	0.4944	-7.1794191	Max
28	3.1622	-9.2608967	Min
28	0.001	-3.044182	Max
28	9.9998	-2.0992659	Max
25	0.0568	-9.0185162	Min
25	0.4944	-6.9370386	Max
25	3.1622	-9.0185163	Min
25	0.001	-2.8018015	Max
25	9.9998	-1.8568885	Max
22	0.0568	-8.7451152	Min
22	0.4944	-6.6636378	Max
22	3.1622	-8.745118	Min
22	0.001	-2.5284005	Max
22	9.9998	-1.583547	Max
20	0.0568	-8.5412803	Min
20	0.4944	-6.4598043	Max
20	3.1622	-8.541301	Min
20	0.001	-2.3245654	Max
20	9.9998	-1.3800893	Max
19	0.0568	-8.4315946	Min
19	0.4944	-6.3501213	Max
19	3.1624	-8.4316501	Min
19	0.001	-2.2148794	Max
19	9.9998	-1.2711252	Max
18	0.0568	-8.3160055	Min
18	0.4944	-6.2345396	Max
18	3.1624	-8.3161535	Min
18	0.001	-2.0992894	Max
18	9.9998	-1.1574495	Max
17	0.0568	-8.1938839	Min
17	0.4944	-6.1124377	Max
17	3.1628	-8.194278	Min
17	0.001	-1.9771655	Max
17	9.9998	-1.0405229	Max
16	0.0568	-8.0645602	Min
16	0.4944	-5.9831665	Max
16	3.1636	-8.0656086	Min
16	0.001	-1.8478358	Max
16	9.9998	-0.92646088	Max
15	0.0568	-7.9274325	Min
15	0.4944	-5.8461787	Max
15	3.1658	-7.9302293	Min
15	0.001	-1.7106919	Max
15	9.9998	-0.84735821	Max
14	0.0568	-7.7823016	Min
14	0.4944	-5.7014225	Max
14	3.1722	-7.7898697	Min
14	0.001	-1.5655174	Max
14	9.9998	-1.2168176	Max
13	0.0568	-7.6303629	Min
13	0.4942	-5.5505107	Max
13	3.1922	-7.6518774	Min
13	8.4192	-4.3871597	Max
13	9.2638	-5.2113852	Min
13	0.001	-1.4134601	Max
13	9.9998	-3.814188	Max
12	0.0568	-7.4772856	Min
12	0.4934	-5.4004454	Max
12	3.2862	-7.5496842	Min
12	5.9928	-6.8520556	Max
12	7.264	-8.2680298	Min
12	0.001	-1.2600388	Max
12	9.9998	-3.7227524	Max
11.5	0.0568	-7.4056248	Min
11.5	0.4928	-5.3323352	Max
11.5	3.5968	-7.5719404	Min
11.5	4.4516	-7.5428871	Max
11.5	6.264	-9.4237623	Min
11.5	0.001	-1.1879795	Max
11.5	9.9998	-3.6745129	Max
11	0.0568	-7.3446819	Min
11	0.4912	-5.278528	Max
11	5.264	-10.314411	Min
11	0.001	-1.1262535	Max
11	9.9998	-3.6243767	Max
10.5	0.057	-7.3088081	Min
10.5	0.4876	-5.2589131	Max
10.5	4.264	-10.917339	Min
10.5	0.001	-1.0886489	Max
10.5	9.9998	-3.5721541	Max
10	0.0572	-7.3351874	Min
10	0.478	-5.3292715	Max
10	3.264	-11.191157	Min
10	0.001	-1.1105043	Max
10	9.9998	-3.517628	Max
9.5	0.0576	-7.5399987	Min
9.5	0.4488	-5.6731114	Max
9.5	2.9312	-11.158213	Min
9.5	0.001	-1.30078	Max
9.5	9.9998	-3.4605481	Max
9	0.0598	-8.3236991	Min
9	0.3836	-6.8466698	Max
9	2.9312	-11.098327	Min
9	0.001	-2.0337202	Max
9	9.9998	-3.4006235	Max
8.5	0.0654	-10.635443	Min
8.5	0.506	-9.2509515	Max
8.5	2.9312	-11.035252	Min
8.5	0.001	-4.2235831	Max
8.5	9.9998	-3.3375139	Max
8	0.0566	-11.327425	Min
8	0.506	-9.1842884	Max
8	2.9312	-10.968587	Min
8	0.001	-5.1187134	Max
8	9.9998	-3.270817	Max
7.5	0.0566	-11.256682	Min
7.5	0.506	-9.1135472	Max
7.5	2.9312	-10.897849	Min
7.5	0.001	-5.04797	Max
7.5	9.9998	-3.2000533	Max
7	0.0566	-11.181271	Min
7	0.506	-9.0381413	Max
7	2.9312	-10.822459	Min
7	0.001	-4.9725582	Max
7	9.9998	-3.1246435	Max
6.5	0.0566	-11.100467	Min
6.5	0.506	-8.9573493	Max
6.5	2.9312	-10.741703	Min
6.5	0.001	-4.8917528	Max
6.5	9.9998	-3.0438803	Max
6	0.0566	-11.013361	Min
6	0.506	-8.870268	Max
6	2.9314	-10.654698	Min
6	0.001	-4.8046426	Max
6	9.9998	-2.9568861	Max
5.5	0.0566	-10.918778	Min
5.5	0.506	-8.7757408	Max
5.5	2.9314	-10.560329	Min
5.5	0.001	-4.7100518	Max
5.5	9.9998	-2.8625545	Max
5	0.0566	-10.815145	Min
5	0.506	-8.67224	Max
5	2.9316	-10.457154	Min
5	0.001	-4.6064006	Max
5	9.9998	-2.7594621	Max
