40	0.0568	-10.023732	Min
40	3.1622	-10.023732	Min
37	0.0568	-9.8569922	Min
37	3.1622	-9.8569922	Min
50	0.0568	-10.500978	Min
50	3.1622	-10.500978	Min
32	0.0568	-9.5464856	Min
32	3.1622	-9.5464856	Min
30	0.0568	-9.4084545	Min
30	3.1622	-9.4084545	Min
28	0.0568	-9.2608967	Min
28	3.1622	-9.2608967	Min
25	0.0568	-9.0185162	Min
25	3.1622	-9.0185163	Min
22	0.0568	-8.7451152	Min
22	3.1622	-8.745118	Min
20	0.0568	-8.5412803	Min
20	3.1622	-8.541301	Min
19	0.0568	-8.4315946	Min
19	3.1624	-8.4316501	Min
18	0.0568	-8.3160055	Min
18	3.1624	-8.3161535	Min
17	0.0568	-8.1938839	Min
17	3.1628	-8.194278	Min
16	0.0568	-8.0645602	Min
16	3.1636	-8.0656086	Min
15	0.0568	-7.9274325	Min
15	3.1658	-7.9302293	Min
14	0.0568	-7.7823016	Min
14	3.1722	-7.7898697	Min
13	0.0568	-7.6303629	Min
13	3.1922	-7.6518774	Min
13	9.2638	-5.2113852	Min
12	0.0568	-7.4772856	Min
12	3.2862	-7.5496842	Min
12	7.264	-8.2680298	Min
11.5	0.0568	-7.4056248	Min
11.5	3.5968	-7.5719404	Min
11.5	6.264	-9.4237623	Min
11	0.0568	-7.3446819	Min
11	5.264	-10.314411	Min
10.5	0.057	-7.3088081	Min
10.5	4.264	-10.917339	Min
10	0.0572	-7.3351874	Min
10	3.264	-11.191157	Min
9.5	0.0576	-7.5399987	Min
9.5	2.9312	-11.158213	Min
9	0.0598	-8.3236991	Min
9	2.9312	-11.098327	Min
8.5	0.0654	-10.635443	Min
8.5	2.9312	-11.035252	Min
8	0.0566	-11.327425	Min
8	2.9312	-10.968587	Min
7.5	0.0566	-11.256682	Min
7.5	2.9312	-10.897849	Min
7	0.0566	-11.181271	Min
7	2.9312	-10.822459	Min
6.5	0.0566	-11.100467	Min
6.5	2.9312	-10.741703	Min
6	0.0566	-11.013361	Min
6	2.9314	-10.654698	Min
5.5	0.0566	-10.918778	Min
5.5	2.9314	-10.560329	Min
5	0.0566	-10.815145	Min
5	2.9316	-10.457154	Min
