40	0.4944	-7.942254	Max
40	0.001	-3.807017	Max
40	9.9998	-2.8621007	Max
37	0.4944	-7.7755146	Max
37	0.001	-3.6402775	Max
37	9.9998	-2.6953612	Max
50	0.4944	-8.4195001	Max
50	0.001	-4.284263	Max
50	9.9998	-3.3393467	Max
32	0.4944	-7.465008	Max
32	0.001	-3.329771	Max
32	9.9998	-2.3848546	Max
30	0.4944	-7.3269769	Max
30	0.001	-3.1917398	Max
30	9.9998	-2.2468235	Max
28	0.4944	-7.1794191	Max
28	0.001	-3.044182	Max
28	9.9998	-2.0992659	Max
25	0.4944	-6.9370386	Max
25	0.001	-2.8018015	Max
25	9.9998	-1.8568885	Max
22	0.4944	-6.6636378	Max
22	0.001	-2.5284005	Max
22	9.9998	-1.583547	Max
20	0.4944	-6.4598043	Max
20	0.001	-2.3245654	Max
20	9.9998	-1.3800893	Max
19	0.4944	-6.3501213	Max
19	0.001	-2.2148794	Max
19	9.9998	-1.2711252	Max
18	0.4944	-6.2345396	Max
18	0.001	-2.0992894	Max
18	9.9998	-1.1574495	Max
17	0.4944	-6.1124377	Max
17	0.001	-1.9771655	Max
17	9.9998	-1.0405229	Max
16	0.4944	-5.9831665	Max
16	0.001	-1.8478358	Max
16	9.9998	-0.92646088	Max
15	0.4944	-5.8461787	Max
15	0.001	-1.7106919	Max
15	9.9998	-0.84735821	Max
14	0.4944	-5.7014225	Max
14	0.001	-1.5655174	Max
14	9.9998	-1.2168176	Max
13	0.4942	-5.5505107	Max
13	8.4192	-4.3871597	Max
13	0.001	-1.4134601	Max
13	9.9998	-3.814188	Max
12	0.4934	-5.4004454	Max
12	5.9928	-6.8520556	Max
12	0.001	-1.2600388	Max
12	9.9998	-3.7227524	Max
11.5	0.4928	-5.3323352	Max
11.5	4.4516	-7.5428871	Max
11.5	0.001	-1.1879795	Max
11.5	9.9998	-3.6745129	Max
11	0.4912	-5.278528	Max
11	0.001	-1.1262535	Max
11	9.9998	-3.6243767	Max
10.5	0.4876	-5.2589131	Max
10.5	0.001	-1.0886489	Max
10.5	9.9998	-3.5721541	Max
10	0.478	-5.3292715	Max
10	0.001	-1.1105043	Max
10	9.9998	-3.517628	Max
9.5	0.4488	-5.6731114	Max
9.5	0.001	-1.30078	Max
9.5	9.9998	-3.4605481	Max
9	0.3836	-6.8466698	Max
9	0.001	-2.0337202	Max
9	9.9998	-3.4006235	Max
8.5	0.506	-9.2509515	Max
8.5	0.001	-4.2235831	Max
8.5	9.9998	-3.3375139	Max
8	0.506	-9.1842884	Max
8	0.001	-5.1187134	Max
8	9.9998	-3.270817	Max
7.5	0.506	-9.1135472	Max
7.5	0.001	-5.04797	Max
7.5	9.9998	-3.2000533	Max
7	0.506	-9.0381413	Max
7	0.001	-4.9725582	Max
7	9.9998	-3.1246435	Max
6.5	0.506	-8.9573493	Max
6.5	0.001	-4.8917528	Max
6.5	9.9998	-3.0438803	Max
6	0.506	-8.870268	Max
6	0.001	-4.8046426	Max
6	9.9998	-2.9568861	Max
5.5	0.506	-8.7757408	Max
5.5	0.001	-4.7100518	Max
5.5	9.9998	-2.8625545	Max
5	0.506	-8.67224	Max
5	0.001	-4.6064006	Max
5	9.9998	-2.7594621	Max
