40	0.0568	-10.023732	Min
37	0.0568	-9.8569922	Min
50	0.0568	-10.500978	Min
32	0.0568	-9.5464856	Min
30	0.0568	-9.4084545	Min
28	0.0568	-9.2608967	Min
25	0.0568	-9.0185162	Min
22	0.0568	-8.7451152	Min
20	0.0568	-8.5412803	Min
19	0.0568	-8.4315946	Min
18	0.0568	-8.3160055	Min
17	0.0568	-8.1938839	Min
16	0.0568	-8.0645602	Min
15	0.0568	-7.9274325	Min
14	0.0568	-7.7823016	Min
13	0.0568	-7.6303629	Min
12	0.0568	-7.4772856	Min
11.5	0.0568	-7.4056248	Min
11	0.0568	-7.3446819	Min
10.5	0.057	-7.3088081	Min
10	0.0572	-7.3351874	Min
9.5	0.0576	-7.5399987	Min
9	0.0598	-8.3236991	Min
8.5	0.0654	-10.635443	Min
8	0.0566	-11.327425	Min
7.5	0.0566	-11.256682	Min
7	0.0566	-11.181271	Min
6.5	0.0566	-11.100467	Min
6	0.0566	-11.013361	Min
5.5	0.0566	-10.918778	Min
5	0.0566	-10.815145	Min
