# 6416596
0	0	0	6980
0	0	1	3246
0	0	2	1070
0	0	3	4
0	0	6	9664
0	0	7	2896
0	0	8	650
0	0	12	19054
0	0	13	7892
0	0	14	1174
0	0	18	4452
0	0	19	1432
0	0	20	148
0	0	23	5938
0	0	24	3566
0	0	25	224
0	0	29	2440
0	0	30	1934
0	0	31	68
0	0	34	3596
0	0	35	1546
0	0	36	16
0	0	39	724
0	0	40	452
0	0	41	2
0	1	0	2302
0	1	1	886
0	1	2	434
0	1	6	4314
0	1	7	1358
0	1	8	270
0	1	12	7864
0	1	13	3818
0	1	14	412
0	1	18	1976
0	1	19	720
0	1	20	64
0	1	23	2680
0	1	24	1196
0	1	25	24
0	1	29	2386
0	1	30	556
0	1	31	8
0	1	34	1784
0	1	35	326
0	1	39	498
0	1	40	80
0	2	0	738
0	2	1	210
0	2	2	150
0	2	6	1514
0	2	7	680
0	2	8	120
0	2	12	2306
0	2	13	1238
0	2	14	68
0	2	18	1034
0	2	19	232
0	2	20	4
0	2	23	872
0	2	24	590
0	2	29	702
0	2	30	96
0	2	34	630
0	2	35	52
0	2	39	216
0	2	40	10
0	3	0	612
0	3	1	342
0	3	2	114
0	3	6	410
0	3	7	152
0	3	8	38
0	3	12	550
0	3	13	366
0	3	14	36
0	3	18	316
0	3	19	54
0	3	20	2
0	3	23	196
0	3	24	150
0	3	25	4
0	3	29	200
0	3	30	50
0	3	34	220
0	3	35	42
0	3	39	72
0	3	40	12
0	4	0	106
0	4	1	58
0	4	2	18
0	4	6	52
0	4	7	24
0	4	8	8
0	4	12	74
0	4	13	44
0	4	14	10
0	4	18	74
0	4	19	6
0	4	20	2
0	4	23	26
0	4	24	18
0	4	29	80
0	4	30	2
0	4	34	26
0	4	39	20
0	5	0	18
0	5	1	14
0	5	2	2
0	5	6	4
0	5	7	2
0	5	8	10
0	5	12	10
0	5	13	6
0	5	18	10
0	5	23	4
0	5	24	4
0	5	29	4
0	5	34	6
0	5	39	2
0	6	0	6
0	6	1	2
0	6	2	14
0	6	6	2
0	6	12	6
0	6	18	6
0	6	23	2
0	6	29	2
0	6	34	2
1	0	0	34558
1	0	1	25194
1	0	2	19148
1	0	3	14074
1	0	4	3800
1	0	5	16
1	0	6	64698
1	0	7	36960
1	0	8	23302
1	0	9	12948
1	0	10	2696
1	0	11	4
1	0	12	119680
1	0	13	91420
1	0	14	74208
1	0	15	41966
1	0	16	5952
1	0	18	43202
1	0	19	27092
1	0	20	18150
1	0	21	9502
1	0	22	1164
1	0	23	36476
1	0	24	38108
1	0	25	37902
1	0	26	20540
1	0	27	1444
1	0	29	28232
1	0	30	26736
1	0	31	24256
1	0	32	12918
1	0	33	756
1	0	34	31482
1	0	35	34860
1	0	36	27940
1	0	37	10508
1	0	38	444
1	0	39	10158
1	0	40	11746
1	0	41	10108
1	0	42	3886
1	1	0	13846
1	1	1	7950
1	1	2	6770
1	1	3	6082
1	1	4	1744
1	1	6	26850
1	1	7	15776
1	1	8	11984
1	1	9	7226
1	1	10	1184
1	1	12	56108
1	1	13	42276
1	1	14	35920
1	1	15	20730
1	1	16	2120
1	1	18	18330
1	1	19	13258
1	1	20	9514
1	1	21	5148
1	1	22	452
1	1	23	18412
1	1	24	15878
1	1	25	14328
1	1	26	7300
1	1	27	320
1	1	29	19234
1	1	30	15508
1	1	31	10344
1	1	32	4022
1	1	33	192
1	1	34	14968
1	1	35	13880
1	1	36	10118
1	1	37	3144
1	1	38	132
1	1	39	6884
1	1	40	5256
1	1	41	3472
1	1	42	1156
1	2	0	5560
1	2	1	2504
1	2	2	2022
1	2	3	2586
1	2	4	554
1	2	6	10624
1	2	7	6794
1	2	8	4636
1	2	9	3346
1	2	10	336
1	2	12	18064
1	2	13	13100
1	2	14	11296
1	2	15	6646
1	2	16	392
1	2	18	7600
1	2	19	5784
1	2	20	4170
1	2	21	1646
1	2	22	68
1	2	23	6726
1	2	24	6072
1	2	25	5508
1	2	26	2344
1	2	27	48
1	2	29	6672
1	2	30	4716
1	2	31	3222
1	2	32	1198
1	2	33	24
1	2	34	6946
1	2	35	4958
1	2	36	3284
1	2	37	952
1	2	38	18
1	2	39	4404
1	2	40	2212
1	2	41	998
1	2	42	352
1	3	0	2828
1	3	1	1808
1	3	2	1474
1	3	3	1164
1	3	4	120
1	3	6	2414
1	3	7	1354
1	3	8	1176
1	3	9	826
1	3	10	68
1	3	12	4228
1	3	13	2782
1	3	14	2434
1	3	15	1692
1	3	16	112
1	3	18	2066
1	3	19	1334
1	3	20	908
1	3	21	444
1	3	22	16
1	3	23	1608
1	3	24	1176
1	3	25	1272
1	3	26	606
1	3	27	16
1	3	29	1804
1	3	30	1186
1	3	31	786
1	3	32	316
1	3	33	8
1	3	34	1534
1	3	35	1206
1	3	36	690
1	3	37	256
1	3	38	4
1	3	39	1328
1	3	40	1034
1	3	41	272
1	3	42	102
1	4	0	680
1	4	1	248
1	4	2	208
1	4	3	288
1	4	4	22
1	4	6	408
1	4	7	180
1	4	8	178
1	4	9	178
1	4	10	12
1	4	12	644
1	4	13	384
1	4	14	428
1	4	15	344
1	4	16	8
1	4	18	378
1	4	19	320
1	4	20	144
1	4	21	94
1	4	23	230
1	4	24	192
1	4	25	214
1	4	26	96
1	4	29	426
1	4	30	276
1	4	31	86
1	4	32	34
1	4	34	400
1	4	35	196
1	4	36	80
1	4	37	24
1	4	39	470
1	4	40	222
1	4	41	28
1	4	42	6
1	5	0	200
1	5	1	42
1	5	2	36
1	5	3	56
1	5	4	12
1	5	6	60
1	5	7	22
1	5	8	38
1	5	9	60
1	5	10	8
1	5	12	92
1	5	13	44
1	5	14	54
1	5	15	46
1	5	16	12
1	5	18	56
1	5	19	46
1	5	20	18
1	5	21	8
1	5	23	40
1	5	24	20
1	5	25	30
1	5	26	14
1	5	29	60
1	5	30	36
1	5	31	18
1	5	32	10
1	5	34	56
1	5	35	54
1	5	36	20
1	5	37	8
1	5	39	226
1	5	40	30
1	5	41	2
1	5	42	4
1	6	0	108
1	6	1	10
1	6	2	12
1	6	3	48
1	6	6	16
1	6	7	4
1	6	8	8
1	6	9	4
1	6	12	20
1	6	13	12
1	6	14	18
1	6	15	14
1	6	18	12
1	6	19	14
1	6	20	4
1	6	21	2
1	6	23	8
1	6	24	4
1	6	25	10
1	6	26	10
1	6	29	12
1	6	30	8
1	6	31	6
1	6	32	4
1	6	34	14
1	6	35	12
1	6	36	6
1	6	37	4
1	6	39	54
1	6	40	14
1	6	41	2
1	6	42	2
1	7	0	8
1	7	8	2
1	7	12	2
1	7	14	2
1	7	15	6
1	7	19	2
1	7	21	2
1	7	23	2
1	7	29	4
1	7	30	4
1	7	34	2
1	7	39	16
1	8	0	2
1	8	9	2
1	8	19	2
1	8	34	2
1	8	39	4
1	9	0	2
1	9	3	2
1	9	39	4
2	0	0	39932
2	0	1	42570
2	0	2	31686
2	0	3	28964
2	0	4	31534
2	0	5	17022
2	0	6	107690
2	0	7	77716
2	0	8	52626
2	0	9	41616
2	0	10	32806
2	0	11	14798
2	0	12	179928
2	0	13	154968
2	0	14	131694
2	0	15	130698
2	0	16	115212
2	0	17	54732
2	0	18	77958
2	0	19	61000
2	0	20	46134
2	0	21	35488
2	0	22	28020
2	0	23	49420
2	0	24	51802
2	0	25	54168
2	0	26	68226
2	0	27	63788
2	0	28	44462
2	0	29	52216
2	0	30	49218
2	0	31	45314
2	0	32	45494
2	0	33	42710
2	0	34	45880
2	0	35	52274
2	0	36	57732
2	0	37	61178
2	0	38	61152
2	0	39	22934
2	0	40	23206
2	0	41	21258
2	0	42	22552
2	0	43	7096
2	1	0	15934
2	1	1	15212
2	1	2	10048
2	1	3	9716
2	1	4	13006
2	1	5	7772
2	1	6	37106
2	1	7	29826
2	1	8	21268
2	1	9	20434
2	1	10	18828
2	1	11	7132
2	1	12	84916
2	1	13	70546
2	1	14	58852
2	1	15	62230
2	1	16	57412
2	1	17	25032
2	1	18	31468
2	1	19	24034
2	1	20	20546
2	1	21	18504
2	1	22	14688
2	1	23	27720
2	1	24	23034
2	1	25	21582
2	1	26	26660
2	1	27	22916
2	1	28	13300
2	1	29	30080
2	1	30	25834
2	1	31	24214
2	1	32	22704
2	1	33	14148
2	1	34	23742
2	1	35	21422
2	1	36	22570
2	1	37	24096
2	1	38	19098
2	1	39	11998
2	1	40	10524
2	1	41	10050
2	1	42	8786
2	1	43	1586
2	2	0	6770
2	2	1	5858
2	2	2	3112
2	2	3	3188
2	2	4	5370
2	2	5	3192
2	2	6	12740
2	2	7	11694
2	2	8	8598
2	2	9	7780
2	2	10	8200
2	2	11	3010
2	2	12	24818
2	2	13	21492
2	2	14	18036
2	2	15	20204
2	2	16	17946
2	2	17	7036
2	2	18	11686
2	2	19	8808
2	2	20	8522
2	2	21	9158
2	2	22	5208
2	2	23	10730
2	2	24	8220
2	2	25	8564
2	2	26	10612
2	2	27	7894
2	2	28	3498
2	2	29	10936
2	2	30	7818
2	2	31	7580
2	2	32	8042
2	2	33	4122
2	2	34	11934
2	2	35	8624
2	2	36	8282
2	2	37	8638
2	2	38	5616
2	2	39	5960
2	2	40	5546
2	2	41	4622
2	2	42	2942
2	2	43	428
2	3	0	1796
2	3	1	2894
2	3	2	2148
2	3	3	2030
2	3	4	2370
2	3	5	832
2	3	6	2792
2	3	7	2568
2	3	8	1696
2	3	9	1886
2	3	10	1956
2	3	11	596
2	3	12	5716
2	3	13	4790
2	3	14	3752
2	3	15	4572
2	3	16	4318
2	3	17	1236
2	3	18	2366
2	3	19	2250
2	3	20	1824
2	3	21	2220
2	3	22	1252
2	3	23	2372
2	3	24	1876
2	3	25	1686
2	3	26	2378
2	3	27	1810
2	3	28	396
2	3	29	2538
2	3	30	1994
2	3	31	1884
2	3	32	1930
2	3	33	858
2	3	34	2720
2	3	35	1838
2	3	36	2052
2	3	37	1812
2	3	38	1116
2	3	39	2486
2	3	40	1722
2	3	41	2166
2	3	42	1200
2	3	43	52
2	4	0	376
2	4	1	682
2	4	2	270
2	4	3	260
2	4	4	606
2	4	5	196
2	4	6	402
2	4	7	410
2	4	8	270
2	4	9	240
2	4	10	454
2	4	11	106
2	4	12	1080
2	4	13	668
2	4	14	556
2	4	15	654
2	4	16	850
2	4	17	132
2	4	18	300
2	4	19	408
2	4	20	410
2	4	21	358
2	4	22	246
2	4	23	566
2	4	24	236
2	4	25	262
2	4	26	398
2	4	27	312
2	4	28	30
2	4	29	420
2	4	30	510
2	4	31	450
2	4	32	316
2	4	33	114
2	4	34	422
2	4	35	436
2	4	36	352
2	4	37	268
2	4	38	154
2	4	39	618
2	4	40	544
2	4	41	524
2	4	42	218
2	5	0	60
2	5	1	200
2	5	2	44
2	5	3	40
2	5	4	154
2	5	5	20
2	5	6	60
2	5	7	60
2	5	8	26
2	5	9	46
2	5	10	108
2	5	11	8
2	5	12	120
2	5	13	92
2	5	14	56
2	5	15	90
2	5	16	112
2	5	17	12
2	5	18	44
2	5	19	130
2	5	20	50
2	5	21	46
2	5	22	30
2	5	23	132
2	5	24	40
2	5	25	26
2	5	26	64
2	5	27	50
2	5	29	54
2	5	30	60
2	5	31	46
2	5	32	46
2	5	33	24
2	5	34	56
2	5	35	66
2	5	36	102
2	5	37	36
2	5	38	30
2	5	39	98
2	5	40	266
2	5	41	80
2	5	42	52
2	6	0	4
2	6	1	108
2	6	2	12
2	6	3	12
2	6	4	90
2	6	6	16
2	6	7	16
2	6	8	4
2	6	9	8
2	6	10	16
2	6	12	42
2	6	13	20
2	6	14	12
2	6	15	28
2	6	16	34
2	6	18	12
2	6	19	12
2	6	20	14
2	6	21	8
2	6	22	8
2	6	23	18
2	6	24	8
2	6	25	4
2	6	26	16
2	6	27	16
2	6	29	10
2	6	30	12
2	6	31	8
2	6	32	10
2	6	33	8
2	6	34	6
2	6	35	14
2	6	36	14
2	6	37	10
2	6	38	12
2	6	39	74
2	6	40	72
2	6	41	48
2	6	42	4
2	7	1	8
2	7	4	6
2	7	9	2
2	7	10	2
2	7	12	6
2	7	13	2
2	7	15	2
2	7	16	6
2	7	20	2
2	7	22	2
2	7	23	2
2	7	24	2
2	7	30	4
2	7	31	4
2	7	35	2
2	7	40	16
2	8	1	2
2	8	4	2
2	8	10	2
2	8	20	2
2	8	23	2
2	8	35	2
2	8	40	4
2	9	1	2
2	9	4	2
2	9	40	4
3	0	0	15202
3	0	1	40340
3	0	2	42692
3	0	3	32472
3	0	4	32390
3	0	5	40506
3	0	6	76128
3	0	7	108244
3	0	8	78510
3	0	9	56582
3	0	10	50554
3	0	11	45244
3	0	12	141222
3	0	13	181496
3	0	14	157440
3	0	15	141096
3	0	16	153924
3	0	17	202990
3	0	18	87138
3	0	19	79164
3	0	20	63946
3	0	21	53378
3	0	22	44366
3	0	23	39618
3	0	24	50346
3	0	25	52696
3	0	26	57318
3	0	27	78252
3	0	28	261458
3	0	29	71356
3	0	30	53818
3	0	31	52542
3	0	32	51386
3	0	33	52254
3	0	34	45264
3	0	35	47704
3	0	36	54948
3	0	37	63776
3	0	38	101328
3	0	39	26400
3	0	40	25224
3	0	41	26478
3	0	42	24174
3	0	43	341794
3	1	0	4752
3	1	1	15954
3	1	2	15220
3	1	3	10344
3	1	4	10442
3	1	5	15244
3	1	6	18760
3	1	7	37136
3	1	8	29958
3	1	9	22436
3	1	10	23244
3	1	11	25490
3	1	12	56920
3	1	13	85616
3	1	14	71260
3	1	15	62436
3	1	16	70640
3	1	17	98352
3	1	18	26948
3	1	19	31610
3	1	20	24612
3	1	21	22262
3	1	22	22702
3	1	23	18954
3	1	24	27766
3	1	25	23334
3	1	26	22556
3	1	27	30178
3	1	28	87134
3	1	29	25818
3	1	30	30292
3	1	31	26540
3	1	32	26432
3	1	33	28650
3	1	34	21506
3	1	35	24128
3	1	36	22382
3	1	37	24540
3	1	38	41496
3	1	39	12098
3	1	40	12292
3	1	41	11072
3	1	42	11844
3	1	43	123494
3	2	0	786
3	2	1	6770
3	2	2	5860
3	2	3	3208
3	2	4	3316
3	2	5	6024
3	2	6	3492
3	2	7	12742
3	2	8	11746
3	2	9	8958
3	2	10	8366
3	2	11	10336
3	2	12	12168
3	2	13	24860
3	2	14	21718
3	2	15	18890
3	2	16	21962
3	2	17	31048
3	2	18	7008
3	2	19	11722
3	2	20	8926
3	2	21	8964
3	2	22	11476
3	2	23	7568
3	2	24	10732
3	2	25	8340
3	2	26	9098
3	2	27	11824
3	2	28	25986
3	2	29	7054
3	2	30	10984
3	2	31	7936
3	2	32	8052
3	2	33	10272
3	2	34	9584
3	2	35	11996
3	2	36	8836
3	2	37	8972
3	2	38	14642
3	2	39	4186
3	2	40	6010
3	2	41	5732
3	2	42	5716
3	2	43	33042
3	3	0	86
3	3	1	1796
3	3	2	2902
3	3	3	2218
3	3	4	2168
3	3	5	2864
3	3	6	462
3	3	7	2792
3	3	8	2598
3	3	9	1732
3	3	10	1986
3	3	11	2328
3	3	12	1792
3	3	13	5726
3	3	14	4876
3	3	15	3876
3	3	16	4974
3	3	17	7076
3	3	18	1172
3	3	19	2378
3	3	20	2268
3	3	21	1888
3	3	22	2680
3	3	23	1162
3	3	24	2376
3	3	25	1916
3	3	26	1784
3	3	27	2646
3	3	28	5210
3	3	29	1228
3	3	30	2556
3	3	31	2004
3	3	32	2014
3	3	33	2420
3	3	34	1842
3	3	35	2752
3	3	36	1858
3	3	37	2296
3	3	38	4376
3	3	39	2854
3	3	40	2492
3	3	41	1754
3	3	42	2566
3	3	43	5616
3	4	0	4
3	4	1	376
3	4	2	682
3	4	3	270
3	4	4	266
3	4	5	710
3	4	6	16
3	4	7	402
3	4	8	410
3	4	9	270
3	4	10	248
3	4	11	558
3	4	12	178
3	4	13	1080
3	4	14	668
3	4	15	572
3	4	16	682
3	4	17	1324
3	4	18	142
3	4	19	300
3	4	20	408
3	4	21	426
3	4	22	424
3	4	23	168
3	4	24	566
3	4	25	238
3	4	26	280
3	4	27	416
3	4	28	666
3	4	29	128
3	4	30	420
3	4	31	510
3	4	32	504
3	4	33	388
3	4	34	304
3	4	35	422
3	4	36	438
3	4	37	392
3	4	38	624
3	4	39	380
3	4	40	618
3	4	41	558
3	4	42	618
3	4	43	670
3	5	1	60
3	5	2	200
3	5	3	44
3	5	4	40
3	5	5	214
3	5	6	4
3	5	7	60
3	5	8	60
3	5	9	26
3	5	10	46
3	5	11	130
3	5	12	20
3	5	13	120
3	5	14	92
3	5	15	56
3	5	16	90
3	5	17	158
3	5	18	22
3	5	19	44
3	5	20	130
3	5	21	50
3	5	22	58
3	5	23	20
3	5	24	132
3	5	25	40
3	5	26	26
3	5	27	66
3	5	28	110
3	5	29	24
3	5	30	54
3	5	31	60
3	5	32	48
3	5	33	54
3	5	34	34
3	5	35	56
3	5	36	66
3	5	37	118
3	5	38	100
3	5	39	66
3	5	40	98
3	5	41	270
3	5	42	90
3	5	43	60
3	6	1	4
3	6	2	108
3	6	3	12
3	6	4	12
3	6	5	106
3	6	7	16
3	6	8	16
3	6	9	4
3	6	10	8
3	6	11	18
3	6	13	42
3	6	14	20
3	6	15	12
3	6	16	28
3	6	17	42
3	6	18	8
3	6	19	12
3	6	20	12
3	6	21	14
3	6	22	8
3	6	24	18
3	6	25	8
3	6	26	4
3	6	27	16
3	6	28	36
3	6	29	8
3	6	30	10
3	6	31	12
3	6	32	8
3	6	33	10
3	6	34	10
3	6	35	6
3	6	36	14
3	6	37	14
3	6	38	18
3	6	39	14
3	6	40	74
3	6	41	74
3	6	42	64
3	7	2	8
3	7	5	8
3	7	10	2
3	7	11	2
3	7	13	6
3	7	14	2
3	7	16	2
3	7	17	8
3	7	21	2
3	7	24	2
3	7	25	2
3	7	31	4
3	7	32	4
3	7	34	2
3	7	36	2
3	7	41	16
3	8	2	2
3	8	5	2
3	8	11	2
3	8	21	2
3	8	24	2
3	8	36	2
3	8	41	4
3	9	2	2
3	9	5	2
3	9	41	4
4	0	0	986
4	0	1	15202
4	0	2	40340
4	0	3	42692
4	0	4	32514
4	0	5	32934
4	0	6	14638
4	0	7	76128
4	0	8	108244
4	0	9	78516
4	0	10	56978
4	0	11	52542
4	0	12	39670
4	0	13	141222
4	0	14	181496
4	0	15	157488
4	0	16	142232
4	0	17	206340
4	0	18	55500
4	0	19	87138
4	0	20	79168
4	0	21	64156
4	0	22	54726
4	0	23	13616
4	0	24	39618
4	0	25	50346
4	0	26	52720
4	0	27	57738
4	0	28	240958
4	0	29	56810
4	0	30	71356
4	0	31	53826
4	0	32	52842
4	0	33	52746
4	0	34	36926
4	0	35	45266
4	0	36	47716
4	0	37	55214
4	0	38	90160
4	0	39	36788
4	0	40	26406
4	0	41	25304
4	0	42	27032
4	0	43	1118804
4	1	0	62
4	1	1	4752
4	1	2	15954
4	1	3	15220
4	1	4	10356
4	1	5	10526
4	1	6	1714
4	1	7	18760
4	1	8	37136
4	1	9	29960
4	1	10	22502
4	1	11	23660
4	1	12	9092
4	1	13	56920
4	1	14	85616
4	1	15	71270
4	1	16	62796
4	1	17	96204
4	1	18	11636
4	1	19	26948
4	1	20	31610
4	1	21	24628
4	1	22	22458
4	1	23	4090
4	1	24	18954
4	1	25	27766
4	1	26	23340
4	1	27	22642
4	1	28	104988
4	1	29	12416
4	1	30	25818
4	1	31	30296
4	1	32	26568
4	1	33	26740
4	1	34	17464
4	1	35	21506
4	1	36	24132
4	1	37	22466
4	1	38	37174
4	1	39	10848
4	1	40	12098
4	1	41	12304
4	1	42	11126
4	1	43	406972
4	2	1	786
4	2	2	6770
4	2	3	5860
4	2	4	3212
4	2	5	3326
4	2	6	208
4	2	7	3492
4	2	8	12742
4	2	9	11748
4	2	10	8982
4	2	11	8436
4	2	12	992
4	2	13	12168
4	2	14	24860
4	2	15	21726
4	2	16	18960
4	2	17	34180
4	2	18	2078
4	2	19	7008
4	2	20	11722
4	2	21	8932
4	2	22	9008
4	2	23	626
4	2	24	7568
4	2	25	10732
4	2	26	8342
4	2	27	9172
4	2	28	38576
4	2	29	2252
4	2	30	7054
4	2	31	10984
4	2	32	7942
4	2	33	8096
4	2	34	3918
4	2	35	9584
4	2	36	11998
4	2	37	8848
4	2	38	14992
4	2	39	2696
4	2	40	4186
4	2	41	6012
4	2	42	5744
4	2	43	115930
4	3	1	86
4	3	2	1796
4	3	3	2902
4	3	4	2220
4	3	5	2192
4	3	6	36
4	3	7	462
4	3	8	2792
4	3	9	2598
4	3	10	1734
4	3	11	1988
4	3	12	152
4	3	13	1792
4	3	14	5726
4	3	15	4886
4	3	16	3884
4	3	17	7760
4	3	18	268
4	3	19	1172
4	3	20	2378
4	3	21	2270
4	3	22	1890
4	3	23	56
4	3	24	1162
4	3	25	2376
4	3	26	1918
4	3	27	1790
4	3	28	10100
4	3	29	288
4	3	30	1228
4	3	31	2556
4	3	32	2004
4	3	33	2022
4	3	34	562
4	3	35	1842
4	3	36	2754
4	3	37	1858
4	3	38	4928
4	3	39	636
4	3	40	2854
4	3	41	2492
4	3	42	1754
4	3	43	24192
4	4	1	4
4	4	2	376
4	4	3	682
4	4	4	270
4	4	5	266
4	4	7	16
4	4	8	402
4	4	9	410
4	4	10	270
4	4	11	248
4	4	12	8
4	4	13	178
4	4	14	1080
4	4	15	668
4	4	16	574
4	4	17	1110
4	4	18	8
4	4	19	142
4	4	20	300
4	4	21	408
4	4	22	428
4	4	23	4
4	4	24	168
4	4	25	566
4	4	26	238
4	4	27	282
4	4	28	1462
4	4	29	12
4	4	30	128
4	4	31	420
4	4	32	510
4	4	33	508
4	4	34	60
4	4	35	304
4	4	36	422
4	4	37	438
4	4	38	1022
4	4	39	58
4	4	40	380
4	4	41	618
4	4	42	558
4	4	43	4018
4	5	2	60
4	5	3	200
4	5	4	44
4	5	5	40
4	5	7	4
4	5	8	60
4	5	9	60
4	5	10	26
4	5	11	46
4	5	13	20
4	5	14	120
4	5	15	92
4	5	16	56
4	5	17	148
4	5	19	22
4	5	20	44
4	5	21	130
4	5	22	50
4	5	24	20
4	5	25	132
4	5	26	40
4	5	27	26
4	5	28	220
4	5	30	24
4	5	31	54
4	5	32	60
4	5	33	48
4	5	34	4
4	5	35	34
4	5	36	56
4	5	37	66
4	5	38	210
4	5	39	10
4	5	40	66
4	5	41	98
4	5	42	270
4	5	43	684
4	6	2	4
4	6	3	108
4	6	4	12
4	6	5	12
4	6	8	16
4	6	9	16
4	6	10	4
4	6	11	8
4	6	14	42
4	6	15	20
4	6	16	12
4	6	17	36
4	6	19	8
4	6	20	12
4	6	21	12
4	6	22	14
4	6	25	18
4	6	26	8
4	6	27	4
4	6	28	44
4	6	30	8
4	6	31	10
4	6	32	12
4	6	33	8
4	6	35	10
4	6	36	6
4	6	37	14
4	6	38	80
4	6	39	4
4	6	40	14
4	6	41	74
4	6	42	74
4	6	43	204
4	7	3	8
4	7	11	2
4	7	14	6
4	7	15	2
4	7	17	2
4	7	22	2
4	7	25	2
4	7	26	2
4	7	32	4
4	7	33	4
4	7	35	2
4	7	37	2
4	7	42	16
4	7	43	18
4	8	3	2
4	8	22	2
4	8	25	2
4	8	37	2
4	8	42	4
4	8	43	4
4	9	3	2
4	9	42	4
4	9	43	2
5	0	1	986
5	0	2	15202
5	0	3	40340
5	0	4	42692
5	0	5	32514
5	0	6	418
5	0	7	14638
5	0	8	76128
5	0	9	108244
5	0	10	78516
5	0	11	56980
5	0	12	1706
5	0	13	39670
5	0	14	141222
5	0	15	181496
5	0	16	157488
5	0	17	197038
5	0	18	9862
5	0	19	55500
5	0	20	87138
5	0	21	79168
5	0	22	64156
5	0	23	758
5	0	24	13616
5	0	25	39618
5	0	26	50346
5	0	27	52720
5	0	28	200894
5	0	29	11520
5	0	30	56810
5	0	31	71356
5	0	32	53826
5	0	33	52842
5	0	34	10718
5	0	35	36926
5	0	36	45266
5	0	37	47716
5	0	38	82272
5	0	39	25350
5	0	40	36788
5	0	41	26406
5	0	42	25304
5	0	43	1711552
5	1	1	62
5	1	2	4752
5	1	3	15954
5	1	4	15220
5	1	5	10356
5	1	6	20
5	1	7	1714
5	1	8	18760
5	1	9	37136
5	1	10	29960
5	1	11	22502
5	1	12	96
5	1	13	9092
5	1	14	56920
5	1	15	85616
5	1	16	71270
5	1	17	85260
5	1	18	1096
5	1	19	11636
5	1	20	26948
5	1	21	31610
5	1	22	24628
5	1	23	42
5	1	24	4090
5	1	25	18954
5	1	26	27766
5	1	27	23340
5	1	28	86608
5	1	29	1332
5	1	30	12416
5	1	31	25818
5	1	32	30296
5	1	33	26568
5	1	34	2890
5	1	35	17464
5	1	36	21506
5	1	37	24132
5	1	38	33592
5	1	39	5154
5	1	40	10848
5	1	41	12098
5	1	42	12304
5	1	43	652922
5	2	2	786
5	2	3	6770
5	2	4	5860
5	2	5	3212
5	2	7	208
5	2	8	3492
5	2	9	12742
5	2	10	11748
5	2	11	8982
5	2	13	992
5	2	14	12168
5	2	15	24860
5	2	16	21726
5	2	17	27968
5	2	18	124
5	2	19	2078
5	2	20	7008
5	2	21	11722
5	2	22	8932
5	2	24	626
5	2	25	7568
5	2	26	10732
5	2	27	8342
5	2	28	32264
5	2	29	156
5	2	30	2252
5	2	31	7054
5	2	32	10984
5	2	33	7942
5	2	34	284
5	2	35	3918
5	2	36	9584
5	2	37	11998
5	2	38	14592
5	2	39	932
5	2	40	2696
5	2	41	4186
5	2	42	6012
5	2	43	201940
5	3	2	86
5	3	3	1796
5	3	4	2902
5	3	5	2220
5	3	7	36
5	3	8	462
5	3	9	2792
5	3	10	2598
5	3	11	1734
5	3	13	152
5	3	14	1792
5	3	15	5726
5	3	16	4886
5	3	17	5774
5	3	18	20
5	3	19	268
5	3	20	1172
5	3	21	2378
5	3	22	2270
5	3	24	56
5	3	25	1162
5	3	26	2376
5	3	27	1918
5	3	28	8740
5	3	29	28
5	3	30	288
5	3	31	1228
5	3	32	2556
5	3	33	2004
5	3	34	40
5	3	35	562
5	3	36	1842
5	3	37	2754
5	3	38	3612
5	3	39	120
5	3	40	636
5	3	41	2854
5	3	42	2492
5	3	43	46440
5	4	2	4
5	4	3	376
5	4	4	682
5	4	5	270
5	4	8	16
5	4	9	402
5	4	10	410
5	4	11	270
5	4	13	8
5	4	14	178
5	4	15	1080
5	4	16	668
5	4	17	1002
5	4	19	8
5	4	20	142
5	4	21	300
5	4	22	408
5	4	24	4
5	4	25	168
5	4	26	566
5	4	27	238
5	4	28	1812
5	4	30	12
5	4	31	128
5	4	32	420
5	4	33	510
5	4	34	4
5	4	35	60
5	4	36	304
5	4	37	422
5	4	38	996
5	4	39	4
5	4	40	58
5	4	41	380
5	4	42	618
5	4	43	7112
5	5	3	60
5	5	4	200
5	5	5	44
5	5	8	4
5	5	9	60
5	5	10	60
5	5	11	26
5	5	14	20
5	5	15	120
5	5	16	92
5	5	17	106
5	5	20	22
5	5	21	44
5	5	22	130
5	5	25	20
5	5	26	132
5	5	27	40
5	5	28	284
5	5	31	24
5	5	32	54
5	5	33	60
5	5	35	4
5	5	36	34
5	5	37	56
5	5	38	336
5	5	40	10
5	5	41	66
5	5	42	98
5	5	43	1138
5	6	3	4
5	6	4	108
5	6	5	12
5	6	9	16
5	6	10	16
5	6	11	4
5	6	15	42
5	6	16	20
5	6	17	26
5	6	20	8
5	6	21	12
5	6	22	12
5	6	26	18
5	6	27	8
5	6	28	92
5	6	31	8
5	6	32	10
5	6	33	12
5	6	36	10
5	6	37	6
5	6	38	88
5	6	40	4
5	6	41	14
5	6	42	74
5	6	43	304
5	7	4	8
5	7	15	6
5	7	16	2
5	7	17	2
5	7	26	2
5	7	27	2
5	7	28	4
5	7	33	4
5	7	36	2
5	7	38	18
5	7	43	22
5	8	4	2
5	8	17	2
5	8	26	2
5	8	38	6
5	8	43	4
5	9	4	2
5	9	38	4
5	9	43	2
6	0	2	986
6	0	3	15202
6	0	4	40340
6	0	5	42692
6	0	7	418
6	0	8	14638
6	0	9	76128
6	0	10	108244
6	0	11	78516
6	0	13	1706
6	0	14	39670
6	0	15	141222
6	0	16	181496
6	0	17	221644
6	0	18	222
6	0	19	9862
6	0	20	55500
6	0	21	87138
6	0	22	79168
6	0	24	758
6	0	25	13616
6	0	26	39618
6	0	27	50346
6	0	28	187834
6	0	29	306
6	0	30	11520
6	0	31	56810
6	0	32	71356
6	0	33	53826
6	0	34	416
6	0	35	10718
6	0	36	36926
6	0	37	45266
6	0	38	73020
6	0	39	4174
6	0	40	25350
6	0	41	36788
6	0	42	26406
6	0	43	2204096
6	1	2	62
6	1	3	4752
6	1	4	15954
6	1	5	15220
6	1	7	20
6	1	8	1714
6	1	9	18760
6	1	10	37136
6	1	11	29960
6	1	13	96
6	1	14	9092
6	1	15	56920
6	1	16	85616
6	1	17	95898
6	1	18	12
6	1	19	1096
6	1	20	11636
6	1	21	26948
6	1	22	31610
6	1	24	42
6	1	25	4090
6	1	26	18954
6	1	27	27766
6	1	28	83500
6	1	29	16
6	1	30	1332
6	1	31	12416
6	1	32	25818
6	1	33	30296
6	1	34	22
6	1	35	2890
6	1	36	17464
6	1	37	21506
6	1	38	36436
6	1	39	466
6	1	40	5154
6	1	41	10848
6	1	42	12098
6	1	43	858164
6	2	3	786
6	2	4	6770
6	2	5	5860
6	2	8	208
6	2	9	3492
6	2	10	12742
6	2	11	11748
6	2	14	992
6	2	15	12168
6	2	16	24860
6	2	17	30658
6	2	19	124
6	2	20	2078
6	2	21	7008
6	2	22	11722
6	2	25	626
6	2	26	7568
6	2	27	10732
6	2	28	30876
6	2	30	156
6	2	31	2252
6	2	32	7054
6	2	33	10984
6	2	35	284
6	2	36	3918
6	2	37	9584
6	2	38	18010
6	2	39	40
6	2	40	932
6	2	41	2696
6	2	42	4186
6	2	43	274406
6	3	3	86
6	3	4	1796
6	3	5	2902
6	3	8	36
6	3	9	462
6	3	10	2792
6	3	11	2598
6	3	14	152
6	3	15	1792
6	3	16	5726
6	3	17	7156
6	3	19	20
6	3	20	268
6	3	21	1172
6	3	22	2378
6	3	25	56
6	3	26	1162
6	3	27	2376
6	3	28	7534
6	3	30	28
6	3	31	288
6	3	32	1228
6	3	33	2556
6	3	35	40
6	3	36	562
6	3	37	1842
6	3	38	5246
6	3	39	6
6	3	40	120
6	3	41	636
6	3	42	2854
6	3	43	64914
6	4	3	4
6	4	4	376
6	4	5	682
6	4	9	16
6	4	10	402
6	4	11	410
6	4	14	8
6	4	15	178
6	4	16	1080
6	4	17	1076
6	4	20	8
6	4	21	142
6	4	22	300
6	4	25	4
6	4	26	168
6	4	27	566
6	4	28	1744
6	4	31	12
6	4	32	128
6	4	33	420
6	4	35	4
6	4	36	60
6	4	37	304
6	4	38	1040
6	4	40	4
6	4	41	58
6	4	42	380
6	4	43	10466
6	5	4	60
6	5	5	200
6	5	9	4
6	5	10	60
6	5	11	60
6	5	15	20
6	5	16	120
6	5	17	222
6	5	21	22
6	5	22	44
6	5	26	20
6	5	27	132
6	5	28	436
6	5	32	24
6	5	33	54
6	5	36	4
6	5	37	34
6	5	38	154
6	5	41	10
6	5	42	66
6	5	43	1598
6	6	4	4
6	6	5	108
6	6	10	16
6	6	11	16
6	6	16	42
6	6	17	32
6	6	21	8
6	6	22	12
6	6	27	18
6	6	28	108
6	6	32	8
6	6	33	10
6	6	37	10
6	6	38	80
6	6	41	4
6	6	42	14
6	6	43	438
6	7	5	8
6	7	16	6
6	7	17	2
6	7	27	2
6	7	28	24
6	7	37	2
6	7	43	28
6	8	5	2
6	8	27	2
6	8	28	6
6	8	43	6
6	9	5	2
6	9	28	4
6	9	43	2
7	0	3	986
7	0	4	15202
7	0	5	40340
7	0	8	418
7	0	9	14638
7	0	10	76128
7	0	11	108244
7	0	14	1706
7	0	15	39670
7	0	16	141222
7	0	17	260664
7	0	19	222
7	0	20	9862
7	0	21	55500
7	0	22	87138
7	0	25	758
7	0	26	13616
7	0	27	39618
7	0	28	177192
7	0	30	306
7	0	31	11520
7	0	32	56810
7	0	33	71356
7	0	35	416
7	0	36	10718
7	0	37	36926
7	0	38	71672
7	0	39	79
7	0	40	4174
7	0	41	25350
7	0	42	36788
7	0	43	2734861
7	1	3	62
7	1	4	4752
7	1	5	15954
7	1	8	20
7	1	9	1714
7	1	10	18760
7	1	11	37136
7	1	14	96
7	1	15	9092
7	1	16	56920
7	1	17	117226
7	1	19	12
7	1	20	1096
7	1	21	11636
7	1	22	26948
7	1	25	42
7	1	26	4090
7	1	27	18954
7	1	28	94498
7	1	30	16
7	1	31	1332
7	1	32	12416
7	1	33	25818
7	1	35	22
7	1	36	2890
7	1	37	17464
7	1	38	33604
7	1	39	2
7	1	40	466
7	1	41	5154
7	1	42	10848
7	1	43	1082744
7	2	4	786
7	2	5	6770
7	2	9	208
7	2	10	3492
7	2	11	12742
7	2	15	992
7	2	16	12168
7	2	17	36582
7	2	20	124
7	2	21	2078
7	2	22	7008
7	2	26	626
7	2	27	7568
7	2	28	39726
7	2	31	156
7	2	32	2252
7	2	33	7054
7	2	36	284
7	2	37	3918
7	2	38	13770
7	2	40	40
7	2	41	932
7	2	42	2696
7	2	43	353548
7	3	4	86
7	3	5	1796
7	3	9	36
7	3	10	462
7	3	11	2792
7	3	15	152
7	3	16	1792
7	3	17	8104
7	3	20	20
7	3	21	268
7	3	22	1172
7	3	26	56
7	3	27	1162
7	3	28	10178
7	3	31	28
7	3	32	288
7	3	33	1228
7	3	36	40
7	3	37	562
7	3	38	4696
7	3	40	6
7	3	41	120
7	3	42	636
7	3	43	85104
7	4	4	4
7	4	5	376
7	4	10	16
7	4	11	402
7	4	15	8
7	4	16	178
7	4	17	1380
7	4	21	8
7	4	22	142
7	4	26	4
7	4	27	168
7	4	28	2026
7	4	32	12
7	4	33	128
7	4	36	4
7	4	37	60
7	4	38	684
7	4	41	4
7	4	42	58
7	4	43	14378
7	5	5	60
7	5	10	4
7	5	11	60
7	5	16	20
7	5	17	164
7	5	22	22
7	5	27	20
7	5	28	340
7	5	33	24
7	5	37	4
7	5	38	100
7	5	42	10
7	5	43	2516
7	6	5	4
7	6	11	16
7	6	17	54
7	6	22	8
7	6	28	108
7	6	33	8
7	6	38	24
7	6	42	4
7	6	43	702
7	7	17	6
7	7	28	2
7	7	38	2
7	7	43	62
7	8	28	2
7	8	43	14
7	9	43	8
8	0	4	986
8	0	5	15202
8	0	9	418
8	0	10	14638
8	0	11	76128
8	0	15	1706
8	0	16	39670
8	0	17	228360
8	0	20	222
8	0	21	9862
8	0	22	55500
8	0	26	758
8	0	27	13616
8	0	28	182646
8	0	31	306
8	0	32	11520
8	0	33	56810
8	0	36	416
8	0	37	10718
8	0	38	73714
8	0	40	79
8	0	41	4174
8	0	42	25350
8	0	43	3321301
8	1	4	62
8	1	5	4752
8	1	9	20
8	1	10	1714
8	1	11	18760
8	1	15	96
8	1	16	9092
8	1	17	83868
8	1	20	12
8	1	21	1096
8	1	22	11636
8	1	26	42
8	1	27	4090
8	1	28	78376
8	1	31	16
8	1	32	1332
8	1	33	12416
8	1	36	22
8	1	37	2890
8	1	38	28312
8	1	40	2
8	1	41	466
8	1	42	5154
8	1	43	1347558
8	2	5	786
8	2	10	208
8	2	11	3492
8	2	16	992
8	2	17	19176
8	2	21	124
8	2	22	2078
8	2	27	626
8	2	28	28392
8	2	32	156
8	2	33	2252
8	2	37	284
8	2	38	6614
8	2	41	40
8	2	42	932
8	2	43	449368
8	3	5	86
8	3	10	36
8	3	11	462
8	3	16	152
8	3	17	2964
8	3	21	20
8	3	22	268
8	3	27	56
8	3	28	7086
8	3	32	28
8	3	33	288
8	3	37	40
8	3	38	1198
8	3	41	6
8	3	42	120
8	3	43	107974
8	4	5	4
8	4	11	16
8	4	16	8
8	4	17	320
8	4	22	8
8	4	27	4
8	4	28	980
8	4	33	12
8	4	37	4
8	4	38	118
8	4	42	4
8	4	43	18562
8	5	11	4
8	5	17	42
8	5	28	144
8	5	38	14
8	5	43	3140
8	6	17	8
8	6	28	32
8	6	38	4
8	6	43	884
8	7	28	2
8	7	43	70
8	8	43	16
8	9	43	8
9	0	5	986
9	0	10	418
9	0	11	14638
9	0	16	1706
9	0	17	95170
9	0	21	222
9	0	22	9862
9	0	27	758
9	0	28	144140
9	0	32	306
9	0	33	11520
9	0	37	416
9	0	38	36068
9	0	41	79
9	0	42	4174
9	0	43	3823637
9	1	5	62
9	1	10	20
9	1	11	1714
9	1	16	96
9	1	17	20728
9	1	21	12
9	1	22	1096
9	1	27	42
9	1	28	44818
9	1	32	16
9	1	33	1332
9	1	37	22
9	1	38	8044
9	1	41	2
9	1	42	466
9	1	43	1533314
9	2	11	208
9	2	17	3070
9	2	22	124
9	2	28	9492
9	2	33	156
9	2	38	1216
9	2	42	40
9	2	43	501214
9	3	11	36
9	3	17	420
9	3	22	20
9	3	28	1542
9	3	33	28
9	3	38	160
9	3	42	6
9	3	43	118572
9	4	17	16
9	4	28	134
9	4	38	8
9	4	43	19882
9	5	28	14
9	5	43	3330
9	6	28	4
9	6	43	924
9	7	43	72
9	8	43	16
9	9	43	8
10	0	11	418
10	0	17	11568
10	0	22	222
10	0	28	48346
10	0	33	306
10	0	38	4590
10	0	42	79
10	0	43	4078571
10	1	11	20
10	1	17	1192
10	1	22	12
10	1	28	9418
10	1	33	16
10	1	38	488
10	1	42	2
10	1	43	1600636
10	2	17	124
10	2	28	1372
10	2	38	40
10	2	43	513984
10	3	17	20
10	3	28	188
10	3	38	6
10	3	43	120570
10	4	28	8
10	4	43	20032
10	5	43	3344
10	6	43	928
10	7	43	72
10	8	43	16
10	9	43	8
11	0	17	222
11	0	28	4896
11	0	38	79
11	0	43	4138903
11	1	17	12
11	1	28	504
11	1	38	2
11	1	43	1611266
11	2	28	40
11	2	43	515480
11	3	28	6
11	3	43	120778
11	4	43	20040
11	5	43	3344
11	6	43	928
11	7	43	72
11	8	43	16
11	9	43	8
12	0	28	79
12	0	43	4144021
12	1	28	2
12	1	43	1611782
12	2	43	515520
12	3	43	120784
12	4	43	20040
12	5	43	3344
12	6	43	928
12	7	43	72
12	8	43	16
12	9	43	8
13	0	43	4144100
13	1	43	1611784
13	2	43	515520
13	3	43	120784
13	4	43	20040
13	5	43	3344
13	6	43	928
13	7	43	72
13	8	43	16
13	9	43	8
14	0	43	4144100
14	1	43	1611784
14	2	43	515520
14	3	43	120784
14	4	43	20040
14	5	43	3344
14	6	43	928
14	7	43	72
14	8	43	16
14	9	43	8
15	0	43	4144100
15	1	43	1611784
15	2	43	515520
15	3	43	120784
15	4	43	20040
15	5	43	3344
15	6	43	928
15	7	43	72
15	8	43	16
15	9	43	8
16	0	43	4144100
16	1	43	1611784
16	2	43	515520
16	3	43	120784
16	4	43	20040
16	5	43	3344
16	6	43	928
16	7	43	72
16	8	43	16
16	9	43	8
17	0	43	4144100
17	1	43	1611784
17	2	43	515520
17	3	43	120784
17	4	43	20040
17	5	43	3344
17	6	43	928
17	7	43	72
17	8	43	16
17	9	43	8
18	0	43	4144100
18	1	43	1611784
18	2	43	515520
18	3	43	120784
18	4	43	20040
18	5	43	3344
18	6	43	928
18	7	43	72
18	8	43	16
18	9	43	8
19	0	43	4144100
19	1	43	1611784
19	2	43	515520
19	3	43	120784
19	4	43	20040
19	5	43	3344
19	6	43	928
19	7	43	72
19	8	43	16
19	9	43	8
