40	0.0568	-10.14305	Min
40	0.4944	-8.0619389	Max
40	3.165	-10.146139	Min
40	0.001	-3.9262896	Max
40	9.9998	-2.995591	Max
37	0.0568	-10.030713	Min
37	0.4944	-7.9497843	Max
37	3.1664	-10.035347	Min
37	0.001	-3.8139303	Max
37	9.9998	-2.8905104	Max
50	0.0568	-10.535163	Min
50	0.4944	-8.4537906	Max
50	3.163	-10.536044	Min
50	0.001	-4.3184358	Max
50	9.9998	-3.3775278	Max
32	0.0568	-9.871895	Min
32	0.4942	-7.7915565	Max
32	3.171	-9.8815678	Min
32	0.001	-3.6550401	Max
32	9.9998	-2.7560068	Max
30	0.0568	-9.8270843	Min
30	0.4942	-7.7471739	Max
30	3.1744	-9.8404459	Min
30	0.001	-3.6101768	Max
30	9.9998	-2.7294776	Max
28	0.0568	-9.7998374	Min
28	0.494	-7.7205576	Max
28	3.1794	-9.8186714	Min
28	0.001	-3.5828524	Max
28	9.9998	-2.729899	Max
25	0.0568	-9.8071959	Min
25	0.4938	-7.7295141	Max
25	3.1924	-9.8400626	Min
25	0.001	-3.5900146	Max
25	9.9998	-2.8102262	Max
22	0.0568	-9.9028296	Min
22	0.4932	-7.82823	Max
22	3.2184	-9.9632733	Min
22	0.001	-3.6852701	Max
22	9.9998	-3.0535417	Max
20	0.0568	-10.040137	Min
20	0.4924	-7.9691358	Max
20	3.2498	-10.133444	Min
20	0.001	-3.8221355	Max
20	9.9998	-3.3686689	Max
19	0.0568	-10.138546	Min
19	0.492	-8.0700791	Max
19	3.2724	-10.255357	Min
19	0.001	-3.9202331	Max
19	9.9998	-3.5933425	Max
18	0.0568	-10.261232	Min
18	0.4914	-8.1959669	Max
18	3.3016	-10.408119	Min
18	0.001	-4.0425253	Max
18	9.9998	-3.8751055	Max
17	0.057	-10.41222	Min
17	0.4906	-8.3509977	Max
17	3.3392	-10.597631	Min
17	0.001	-4.1930157	Max
17	9.9998	-4.2245774	Max
16	0.057	-10.596197	Min
16	0.4896	-8.5400643	Max
16	3.3874	-10.830938	Min
16	0.001	-4.376361	Max
16	9.9998	-4.6529947	Max
15	0.057	-10.818586	Min
15	0.4884	-8.7688405	Max
15	3.4494	-11.116379	Min
15	0.001	-4.5979562	Max
15	9.9998	-5.1715519	Max
14	0.057	-11.085634	Min
14	0.4868	-9.0438514	Max
14	3.5284	-11.463691	Min
14	0.001	-4.8640093	Max
14	9.9998	-5.7904897	Max
13	0.057	-11.404446	Min
13	0.485	-9.3725037	Max
13	3.628	-11.883987	Min
13	0.001	-5.181585	Max
13	9.9998	-6.2067348	Max
12	0.057	-11.782966	Min
12	0.4828	-9.7630371	Max
12	3.7518	-12.389476	Min
12	0.001	-5.5585852	Max
12	9.9998	-6.1193644	Max
11.5	0.0572	-11.9973	Min
11.5	0.4814	-9.9842699	Max
11.5	3.8234	-12.678105	Min
11.5	0.001	-5.7720374	Max
11.5	9.9998	-6.0728966	Max
11	0.0572	-12.22984	Min
11	0.48	-10.224336	Max
11	3.9016	-12.992671	Min
11	0.001	-6.0036107	Max
11	9.9998	-6.0243514	Max
10.5	0.0572	-12.481716	Min
10.5	0.4786	-10.484378	Max
10.5	3.986	-13.334483	Min
10.5	0.001	-6.2544325	Max
10.5	9.9998	-5.9735334	Max
10	0.0572	-12.754039	Min
10	0.477	-10.765502	Max
10	3.264	-13.5966	Min
10	0.001	-6.5256121	Max
10	9.9998	-5.9202186	Max
9.5	0.0574	-13.047862	Min
9.5	0.4752	-11.068739	Max
9.5	2.9322	-13.563122	Min
9.5	0.001	-6.818204	Max
9.5	9.9998	-5.8641493	Max
9	0.0574	-13.364135	Min
9	0.4734	-11.394984	Max
9	2.9332	-13.502136	Min
9	0.001	-7.1331579	Max
9	9.9998	-5.8050265	Max
8.5	0.0574	-13.703615	Min
8.5	0.5058	-11.648951	Max
8.5	2.9342	-13.437229	Min
8.5	0.001	-7.4712444	Max
8.5	9.9998	-5.7425011	Max
8	0.0566	-13.719224	Min
8	0.5056	-11.5774	Max
8	2.936	-13.367815	Min
8	0.001	-7.5103461	Max
8	9.9998	-5.676162	Max
7.5	0.0566	-13.640751	Min
7.5	0.5056	-11.499629	Max
7.5	2.9382	-13.293164	Min
7.5	0.001	-7.431784	Max
7.5	9.9998	-5.6055209	Max
7	0.0566	-13.554175	Min
7	0.5054	-11.414154	Max
7	2.9416	-13.212355	Min
7	0.001	-7.345067	Max
7	9.9998	-5.529991	Max
6.5	0.0566	-13.457083	Min
6.5	0.505	-11.31885	Max
6.5	2.9464	-13.124211	Min
6.5	0.001	-7.2477419	Max
6.5	9.9998	-5.4488591	Max
6	0.0566	-13.345755	Min
6	0.5044	-11.210542	Max
6	2.9534	-13.027208	Min
6	0.001	-7.1360152	Max
6	9.9998	-5.361246	Max
5.5	0.0566	-13.214145	Min
5.5	0.5034	-11.084274	Max
5.5	2.964	-12.919358	Min
5.5	0.001	-7.0036845	Max
5.5	9.9998	-5.2660483	Max
5	0.0566	-13.051726	Min
5	0.5018	-10.931856	Max
5	2.9798	-12.798057	Min
5	0.001	-6.8398813	Max
5	9.9998	-5.1618543	Max
