40	0.0568	-10.14305	Min
40	3.165	-10.146139	Min
37	0.0568	-10.030713	Min
37	3.1664	-10.035347	Min
50	0.0568	-10.535163	Min
50	3.163	-10.536044	Min
32	0.0568	-9.871895	Min
32	3.171	-9.8815678	Min
30	0.0568	-9.8270843	Min
30	3.1744	-9.8404459	Min
28	0.0568	-9.7998374	Min
28	3.1794	-9.8186714	Min
25	0.0568	-9.8071959	Min
25	3.1924	-9.8400626	Min
22	0.0568	-9.9028296	Min
22	3.2184	-9.9632733	Min
20	0.0568	-10.040137	Min
20	3.2498	-10.133444	Min
19	0.0568	-10.138546	Min
19	3.2724	-10.255357	Min
18	0.0568	-10.261232	Min
18	3.3016	-10.408119	Min
17	0.057	-10.41222	Min
17	3.3392	-10.597631	Min
16	0.057	-10.596197	Min
16	3.3874	-10.830938	Min
15	0.057	-10.818586	Min
15	3.4494	-11.116379	Min
14	0.057	-11.085634	Min
14	3.5284	-11.463691	Min
13	0.057	-11.404446	Min
13	3.628	-11.883987	Min
12	0.057	-11.782966	Min
12	3.7518	-12.389476	Min
11.5	0.0572	-11.9973	Min
11.5	3.8234	-12.678105	Min
11	0.0572	-12.22984	Min
11	3.9016	-12.992671	Min
10.5	0.0572	-12.481716	Min
10.5	3.986	-13.334483	Min
10	0.0572	-12.754039	Min
10	3.264	-13.5966	Min
9.5	0.0574	-13.047862	Min
9.5	2.9322	-13.563122	Min
9	0.0574	-13.364135	Min
9	2.9332	-13.502136	Min
8.5	0.0574	-13.703615	Min
8.5	2.9342	-13.437229	Min
8	0.0566	-13.719224	Min
8	2.936	-13.367815	Min
7.5	0.0566	-13.640751	Min
7.5	2.9382	-13.293164	Min
7	0.0566	-13.554175	Min
7	2.9416	-13.212355	Min
6.5	0.0566	-13.457083	Min
6.5	2.9464	-13.124211	Min
6	0.0566	-13.345755	Min
6	2.9534	-13.027208	Min
5.5	0.0566	-13.214145	Min
5.5	2.964	-12.919358	Min
