40	0.0744	-10.581258	Min
40	0.4278	-9.3319533	Max
40	3.1622	-12.02844	Min
40	0.001	-2.5784184	Max
40	9.9998	-3.4345101	Max
37	0.0744	-10.381172	Min
37	0.4278	-9.1318666	Max
37	3.1622	-11.828353	Min
37	0.001	-2.3783317	Max
37	9.9998	-3.2344233	Max
50	0.0744	-11.153952	Min
50	0.4278	-9.9046468	Max
50	3.1622	-12.601134	Min
50	0.001	-3.1511119	Max
50	9.9998	-4.0072035	Max
32	0.0744	-10.008565	Min
32	0.4278	-8.7592599	Max
32	3.1622	-11.455747	Min
32	0.001	-2.005725	Max
32	9.9998	-2.8618166	Max
30	0.0744	-9.8429281	Min
30	0.4278	-8.593623	Max
30	3.1622	-11.29011	Min
30	0.001	-1.8400881	Max
30	9.9998	-2.6961798	Max
28	0.0744	-9.6658592	Min
28	0.4278	-8.4165542	Max
28	3.1622	-11.113041	Min
28	0.001	-1.6630193	Max
28	9.9998	-2.5191111	Max
25	0.0744	-9.3750035	Min
25	0.4278	-8.1256985	Max
25	3.1622	-10.822185	Min
25	0.001	-1.3721636	Max
25	9.9998	-2.2282586	Max
22	0.0744	-9.0469231	Min
22	0.4278	-7.7976182	Max
22	3.1622	-10.494108	Min
22	0.001	-1.0440831	Max
22	9.9998	-1.9002376	Max
20	0.0744	-8.8023203	Min
20	0.4278	-7.5530165	Max
20	3.1622	-10.249523	Min
20	0.001	-0.79948007	Max
20	9.9998	-1.6560118	Max
19	0.0744	-8.6706945	Min
19	0.4278	-7.4213929	Max
19	3.1624	-10.117932	Min
19	0.001	-0.66785386	Max
19	9.9998	-1.5251062	Max
18	0.0744	-8.5319789	Min
18	0.4278	-7.2826833	Max
18	3.1624	-9.9793084	Min
18	0.001	-0.52913718	Max
18	9.9998	-1.3882949	Max
17	0.0744	-8.3854091	Min
17	0.4278	-7.1361292	Max
17	3.1626	-9.8329838	Min
17	0.001	-0.38256432	Max
17	9.9998	-1.2468529	Max
16	0.0744	-8.2301557	Min
16	0.4278	-6.9809178	Max
16	3.1634	-9.6783818	Min
16	0.001	-0.22730294	Max
16	9.9998	-1.1063088	Max
15	0.0744	-8.0654271	Min
15	0.4278	-6.8163008	Max
15	3.1652	-9.5153891	Min
15	0.001	-0.06255289	Max
15	9.9998	-0.99344641	Max
14	0.0744	-7.8907955	Min
14	0.4276	-6.6419676	Max
14	3.1704	-9.3454614	Min
14	0.001	0.11213584	Max
14	9.9998	-1.1861732	Max
13	0.0744	-7.7071702	Min
13	0.4274	-6.4591537	Max
13	3.1862	-9.1753078	Min
13	8.8456	-4.5154264	Max
13	9.2638	-4.7516252	Min
13	0.001	0.29591616	Max
13	9.9998	-3.078235	Max
12	0.0744	-7.5197707	Min
12	0.427	-6.2740839	Max
12	3.252	-9.0339543	Min
12	6.4702	-7.7476361	Max
12	7.2638	-8.3973751	Min
12	0.001	0.48375754	Max
12	9.9998	-2.9550516	Max
11.5	0.0744	-7.4296249	Min
11.5	0.4264	-6.1866039	Max
11.5	3.4	-9.0162197	Min
11.5	5.1126	-8.7646082	Max
11.5	6.264	-9.7736123	Min
11.5	0.001	0.5744027	Max
11.5	9.9998	-2.8907237	Max
11	0.0746	-7.3487157	Min
11	0.4254	-6.1108505	Max
11	5.264	-10.832195	Min
11	0.001	0.65626495	Max
11	9.9998	-2.8243241	Max
10.5	0.0746	-7.2897192	Min
10.5	0.423	-6.0629584	Max
10.5	4.264	-11.54592	Min
10.5	0.001	0.71726827	Max
10.5	9.9998	-2.7556338	Max
10	0.0748	-7.2836969	Min
10	0.4172	-6.0848389	Max
10	3.264	-11.865149	Min
10	0.001	0.72820239	Max
10	9.9998	-2.6844001	Max
9.5	0.0756	-7.4217	Min
9.5	0.3994	-6.3064685	Max
9.5	2.937	-11.818736	Min
9.5	0.001	0.60492392	Max
9.5	9.9998	-2.6103305	Max
9	0.0784	-8.0177629	Min
9	0.3506	-7.1588577	Max
9	2.937	-11.741269	Min
9	0.001	0.061256318	Max
9	9.9998	-2.5330837	Max
8.5	0.088	-9.9999038	Min
8.5	0.4386	-9.3242561	Max
8.5	2.9372	-11.660229	Min
8.5	0.001	-1.763677	Max
8.5	9.9998	-2.4522585	Max
8	0.0738	-10.547632	Min
8	0.4386	-9.2390974	Max
8	2.9372	-11.57514	Min
8	0.001	-2.557223	Max
8	9.9998	-2.3673793	Max
7.5	0.0738	-10.457816	Min
7.5	0.4386	-9.1492968	Max
7.5	2.9372	-11.485426	Min
7.5	0.001	-2.4674048	Max
7.5	9.9998	-2.2778771	Max
7	0.0738	-10.362635	Min
7	0.4386	-9.0541391	Max
7	2.9374	-11.390392	Min
7	0.001	-2.3722188	Max
7	9.9998	-2.1830636	Max
6.5	0.0738	-10.261186	Min
6.5	0.4386	-8.9527318	Max
6.5	2.9374	-11.289182	Min
6.5	0.001	-2.270761	Max
6.5	9.9998	-2.0820957	Max
6	0.0738	-10.152309	Min
6	0.4386	-8.8439346	Max
6	2.9376	-11.180726	Min
6	0.001	-2.1618665	Max
6	9.9998	-1.9739262	Max
5.5	0.0738	-10.034456	Min
5.5	0.4386	-8.7262462	Max
5.5	2.9378	-11.063667	Min
5.5	0.001	-2.0439779	Max
5.5	9.9998	-1.8572324	Max
5	0.0738	-9.9054411	Min
5	0.4386	-8.5975985	Max
5	2.9382	-10.936246	Min
5	0.001	-1.9148797	Max
5	9.9998	-1.7303114	Max
