40	0.0744	-10.581258	Min
40	3.1622	-12.02844	Min
37	0.0744	-10.381172	Min
37	3.1622	-11.828353	Min
50	0.0744	-11.153952	Min
50	3.1622	-12.601134	Min
32	0.0744	-10.008565	Min
32	3.1622	-11.455747	Min
30	0.0744	-9.8429281	Min
30	3.1622	-11.29011	Min
28	0.0744	-9.6658592	Min
28	3.1622	-11.113041	Min
25	0.0744	-9.3750035	Min
25	3.1622	-10.822185	Min
22	0.0744	-9.0469231	Min
22	3.1622	-10.494108	Min
20	0.0744	-8.8023203	Min
20	3.1622	-10.249523	Min
19	0.0744	-8.6706945	Min
19	3.1624	-10.117932	Min
18	0.0744	-8.5319789	Min
18	3.1624	-9.9793084	Min
17	0.0744	-8.3854091	Min
17	3.1626	-9.8329838	Min
16	0.0744	-8.2301557	Min
16	3.1634	-9.6783818	Min
15	0.0744	-8.0654271	Min
15	3.1652	-9.5153891	Min
14	0.0744	-7.8907955	Min
14	3.1704	-9.3454614	Min
13	0.0744	-7.7071702	Min
13	3.1862	-9.1753078	Min
13	9.2638	-4.7516252	Min
12	0.0744	-7.5197707	Min
12	3.252	-9.0339543	Min
12	7.2638	-8.3973751	Min
11.5	0.0744	-7.4296249	Min
11.5	3.4	-9.0162197	Min
11.5	6.264	-9.7736123	Min
11	0.0746	-7.3487157	Min
11	5.264	-10.832195	Min
10.5	0.0746	-7.2897192	Min
10.5	4.264	-11.54592	Min
10	0.0748	-7.2836969	Min
10	3.264	-11.865149	Min
9.5	0.0756	-7.4217	Min
9.5	2.937	-11.818736	Min
9	0.0784	-8.0177629	Min
9	2.937	-11.741269	Min
8.5	0.088	-9.9999038	Min
8.5	2.9372	-11.660229	Min
8	0.0738	-10.547632	Min
8	2.9372	-11.57514	Min
7.5	0.0738	-10.457816	Min
7.5	2.9372	-11.485426	Min
7	0.0738	-10.362635	Min
7	2.9374	-11.390392	Min
6.5	0.0738	-10.261186	Min
6.5	2.9374	-11.289182	Min
6	0.0738	-10.152309	Min
6	2.9376	-11.180726	Min
5.5	0.0738	-10.034456	Min
5.5	2.9378	-11.063667	Min
5	0.0738	-9.9054411	Min
5	2.9382	-10.936246	Min
