40	0.4278	-9.3319533	Max
40	0.001	-2.5784184	Max
40	9.9998	-3.4345101	Max
37	0.4278	-9.1318666	Max
37	0.001	-2.3783317	Max
37	9.9998	-3.2344233	Max
50	0.4278	-9.9046468	Max
50	0.001	-3.1511119	Max
50	9.9998	-4.0072035	Max
32	0.4278	-8.7592599	Max
32	0.001	-2.005725	Max
32	9.9998	-2.8618166	Max
30	0.4278	-8.593623	Max
30	0.001	-1.8400881	Max
30	9.9998	-2.6961798	Max
28	0.4278	-8.4165542	Max
28	0.001	-1.6630193	Max
28	9.9998	-2.5191111	Max
25	0.4278	-8.1256985	Max
25	0.001	-1.3721636	Max
25	9.9998	-2.2282586	Max
22	0.4278	-7.7976182	Max
22	0.001	-1.0440831	Max
22	9.9998	-1.9002376	Max
20	0.4278	-7.5530165	Max
20	0.001	-0.79948007	Max
20	9.9998	-1.6560118	Max
19	0.4278	-7.4213929	Max
19	0.001	-0.66785386	Max
19	9.9998	-1.5251062	Max
18	0.4278	-7.2826833	Max
18	0.001	-0.52913718	Max
18	9.9998	-1.3882949	Max
17	0.4278	-7.1361292	Max
17	0.001	-0.38256432	Max
17	9.9998	-1.2468529	Max
16	0.4278	-6.9809178	Max
16	0.001	-0.22730294	Max
16	9.9998	-1.1063088	Max
15	0.4278	-6.8163008	Max
15	0.001	-0.06255289	Max
15	9.9998	-0.99344641	Max
14	0.4276	-6.6419676	Max
14	0.001	0.11213584	Max
14	9.9998	-1.1861732	Max
13	0.4274	-6.4591537	Max
13	8.8456	-4.5154264	Max
13	0.001	0.29591616	Max
13	9.9998	-3.078235	Max
12	0.427	-6.2740839	Max
12	6.4702	-7.7476361	Max
12	0.001	0.48375754	Max
12	9.9998	-2.9550516	Max
11.5	0.4264	-6.1866039	Max
11.5	5.1126	-8.7646082	Max
11.5	0.001	0.5744027	Max
11.5	9.9998	-2.8907237	Max
11	0.4254	-6.1108505	Max
11	0.001	0.65626495	Max
11	9.9998	-2.8243241	Max
10.5	0.423	-6.0629584	Max
10.5	0.001	0.71726827	Max
10.5	9.9998	-2.7556338	Max
10	0.4172	-6.0848389	Max
10	0.001	0.72820239	Max
10	9.9998	-2.6844001	Max
9.5	0.3994	-6.3064685	Max
9.5	0.001	0.60492392	Max
9.5	9.9998	-2.6103305	Max
9	0.3506	-7.1588577	Max
9	0.001	0.061256318	Max
9	9.9998	-2.5330837	Max
8.5	0.4386	-9.3242561	Max
8.5	0.001	-1.763677	Max
8.5	9.9998	-2.4522585	Max
8	0.4386	-9.2390974	Max
8	0.001	-2.557223	Max
8	9.9998	-2.3673793	Max
7.5	0.4386	-9.1492968	Max
7.5	0.001	-2.4674048	Max
7.5	9.9998	-2.2778771	Max
7	0.4386	-9.0541391	Max
7	0.001	-2.3722188	Max
7	9.9998	-2.1830636	Max
6.5	0.4386	-8.9527318	Max
6.5	0.001	-2.270761	Max
6.5	9.9998	-2.0820957	Max
6	0.4386	-8.8439346	Max
6	0.001	-2.1618665	Max
6	9.9998	-1.9739262	Max
5.5	0.4386	-8.7262462	Max
5.5	0.001	-2.0439779	Max
5.5	9.9998	-1.8572324	Max
5	0.4386	-8.5975985	Max
5	0.001	-1.9148797	Max
5	9.9998	-1.7303114	Max
