40	0.0744	-10.581258	Min
37	0.0744	-10.381172	Min
50	0.0744	-11.153952	Min
32	0.0744	-10.008565	Min
30	0.0744	-9.8429281	Min
28	0.0744	-9.6658592	Min
25	0.0744	-9.3750035	Min
22	0.0744	-9.0469231	Min
20	0.0744	-8.8023203	Min
19	0.0744	-8.6706945	Min
18	0.0744	-8.5319789	Min
17	0.0744	-8.3854091	Min
16	0.0744	-8.2301557	Min
15	0.0744	-8.0654271	Min
14	0.0744	-7.8907955	Min
13	0.0744	-7.7071702	Min
12	0.0744	-7.5197707	Min
11.5	0.0744	-7.4296249	Min
11	0.0746	-7.3487157	Min
10.5	0.0746	-7.2897192	Min
10	0.0748	-7.2836969	Min
9.5	0.0756	-7.4217	Min
9	0.0784	-8.0177629	Min
8.5	0.088	-9.9999038	Min
8	0.0738	-10.547632	Min
7.5	0.0738	-10.457816	Min
7	0.0738	-10.362635	Min
6.5	0.0738	-10.261186	Min
6	0.0738	-10.152309	Min
5.5	0.0738	-10.034456	Min
5	0.0738	-9.9054411	Min
