20	0.2362	-11.920812	Min
20	1.0154	-11.177568	Max
20	3.124	-11.946002	Min
20	0.001	0.50331026	Max
20	9.9998	-2.3680286	Max
4	0.2294	-95.332319	Min
4	1.1152	-94.428085	Max
4	2.8178	-94.871219	Min
4	0.001	-82.955883	Max
4	9.9998	-73.986776	Max
10	3.264	-96.191969	Min
10	0.001	-32.389282	Max
10	9.9998	-85.559761	Max
8	0.2294	-96.362687	Min
8	1.1148	-95.458945	Max
8	2.8192	-95.903178	Min
8	0.001	-83.986132	Max
8	9.9998	-85.215734	Max
12	7.264	-92.137406	Min
12	0.001	-7.8090818	Max
12	9.9998	-85.85103	Max
14	0.2668	-13.191154	Min
14	0.7082	-12.929212	Max
14	0.001	-0.60228346	Max
14	9.9998	-60.677099	Min
16	0.2398	-11.810474	Min
16	0.9556	-11.154618	Max
16	0.001	0.63657339	Max
16	9.9998	-18.569028	Min
18	0.2368	-11.740102	Min
18	1.0048	-11.01239	Max
18	3.2118	-11.849576	Min
18	0.001	0.68811364	Max
18	9.9998	-4.7356388	Max
17	0.2378	-11.71737	Min
17	0.99	-11.01122	Max
17	3.3916	-11.971288	Min
17	8.9814	-9.2373697	Max
17	0.001	0.7164596	Max
17	9.9998	-9.5401735	Min
15	0.246	-12.169501	Min
15	0.8742	-11.63844	Max
15	0.001	0.31326533	Max
15	9.9998	-34.20092	Min
13	9.264	-87.915725	Min
13	0.001	-2.9091717	Max
13	9.9998	-85.983813	Max
11	5.264	-94.965341	Min
11	0.001	-16.804493	Max
11	9.9998	-85.710435	Max
9	2.8196	-96.081235	Min
9	0.001	-58.79743	Max
9	9.9998	-85.396124	Max
7	0.2294	-96.162937	Min
7	1.1148	-95.259043	Max
7	2.8188	-95.702934	Min
7	0.001	-83.78642	Max
7	9.9998	-85.013407	Max
6	0.2294	-95.933478	Min
6	1.115	-95.02945	Max
6	2.8184	-95.473044	Min
6	0.001	-83.556993	Max
6	9.9998	-84.781694	Max
8.5	0.264	-96.43787	Min
8.5	1.1148	-95.550195	Max
8.5	2.8194	-95.994614	Min
8.5	0.001	-78.101702	Max
8.5	9.9998	-85.308307	Max
8.6	0.464	-96.120671	Min
8.6	1.1148	-95.567846	Max
8.6	2.8194	-96.012304	Min
8.6	0.001	-73.834273	Max
8.6	9.9998	-85.326231	Max
8.7	0.664	-95.82506	Min
8.7	1.1146	-95.585309	Max
8.7	2.8196	-96.029805	Min
8.7	0.001	-69.780295	Max
8.7	9.9998	-85.34397	Max
8.8	0.864	-95.666536	Min
8.8	1.1146	-95.602589	Max
8.8	2.8196	-96.047125	Min
8.8	0.001	-65.929353	Max
8.8	9.9998	-85.361528	Max
16.5	0.2386	-11.743253	Min
16.5	0.9766	-11.056742	Max
16.5	3.6524	-12.165059	Min
16.5	7.2422	-11.324658	Max
16.5	0.001	0.69569743	Max
16.5	9.9998	-13.416382	Min
16.4	0.2388	-11.75284	Min
16.4	0.973	-11.071403	Max
16.4	3.7476	-12.226005	Min
16.4	6.848	-11.667019	Max
16.4	0.001	0.68743954	Max
16.4	9.9998	-14.335152	Min
16.3	0.239	-11.764195	Min
16.3	0.9692	-11.088308	Max
16.3	3.876	-12.29883	Min
16.3	6.4198	-11.979866	Max
16.3	0.001	0.67754314	Max
16.3	9.9998	-15.30711	Min
16.2	0.2392	-11.77747	Min
16.2	0.9652	-11.107661	Max
16.2	4.0674	-12.387866	Min
16.2	5.9274	-12.258905	Max
16.2	0.001	0.66587014	Max
16.2	9.9998	-16.334867	Min
16.1	0.2396	-11.792835	Min
16.1	0.9606	-11.129682	Max
16.1	4.4658	-12.503235	Min
16.1	5.2274	-12.494072	Max
16.1	0.001	0.65226902	Max
16.1	9.9998	-17.421196	Min
13.5	0.2966	-14.213934	Min
13.5	0.5858	-14.121652	Max
13.5	0.001	-1.5112442	Max
13.5	9.9998	-80.03351	Min
13.4	0.307	-14.479958	Min
13.4	0.5564	-14.417942	Max
13.4	0.001	-1.7466598	Max
13.4	9.9998	-84.538317	Min
13.3	0.3204	-14.770206	Min
13.3	0.5236	-14.73512	Max
13.3	9.864	-86.392054	Min
13.3	0.001	-2.0028867	Max
13.3	9.9998	-86.022407	Max
13.2	0.3404	-15.086658	Min
13.2	0.4846	-15.073476	Max
13.2	9.664	-86.912882	Min
13.2	0.001	-2.2812009	Max
13.2	9.9998	-86.009599	Max
13.1	0.3874	-15.432362	Min
13.1	0.4184	-15.432225	Max
13.1	9.464	-87.420789	Min
13.1	0.001	-2.5828745	Max
13.1	9.9998	-85.996735	Max
