20	0.2362	-11.920812	Min
20	3.124	-11.946002	Min
4	0.2294	-95.332319	Min
4	2.8178	-94.871219	Min
10	3.264	-96.191969	Min
8	0.2294	-96.362687	Min
8	2.8192	-95.903178	Min
12	7.264	-92.137406	Min
14	0.2668	-13.191154	Min
14	9.9998	-60.677099	Min
16	0.2398	-11.810474	Min
16	9.9998	-18.569028	Min
18	0.2368	-11.740102	Min
18	3.2118	-11.849576	Min
17	0.2378	-11.71737	Min
17	3.3916	-11.971288	Min
17	9.9998	-9.5401735	Min
15	0.246	-12.169501	Min
15	9.9998	-34.20092	Min
13	9.264	-87.915725	Min
11	5.264	-94.965341	Min
9	2.8196	-96.081235	Min
7	0.2294	-96.162937	Min
7	2.8188	-95.702934	Min
6	0.2294	-95.933478	Min
6	2.8184	-95.473044	Min
8.5	0.264	-96.43787	Min
8.5	2.8194	-95.994614	Min
8.6	0.464	-96.120671	Min
8.6	2.8194	-96.012304	Min
8.7	0.664	-95.82506	Min
8.7	2.8196	-96.029805	Min
8.8	0.864	-95.666536	Min
8.8	2.8196	-96.047125	Min
16.5	0.2386	-11.743253	Min
16.5	3.6524	-12.165059	Min
16.5	9.9998	-13.416382	Min
16.4	0.2388	-11.75284	Min
16.4	3.7476	-12.226005	Min
16.4	9.9998	-14.335152	Min
16.3	0.239	-11.764195	Min
16.3	3.876	-12.29883	Min
16.3	9.9998	-15.30711	Min
16.2	0.2392	-11.77747	Min
16.2	4.0674	-12.387866	Min
16.2	9.9998	-16.334867	Min
16.1	0.2396	-11.792835	Min
16.1	4.4658	-12.503235	Min
16.1	9.9998	-17.421196	Min
13.5	0.2966	-14.213934	Min
13.5	9.9998	-80.03351	Min
13.4	0.307	-14.479958	Min
13.4	9.9998	-84.538317	Min
13.3	0.3204	-14.770206	Min
13.3	9.864	-86.392054	Min
13.2	0.3404	-15.086658	Min
13.2	9.664	-86.912882	Min
13.1	0.3874	-15.432362	Min
13.1	9.464	-87.420789	Min
