20	1.0154	-11.177568	Max
20	0.001	0.50331026	Max
20	9.9998	-2.3680286	Max
4	1.1152	-94.428085	Max
4	0.001	-82.955883	Max
4	9.9998	-73.986776	Max
10	0.001	-32.389282	Max
10	9.9998	-85.559761	Max
8	1.1148	-95.458945	Max
8	0.001	-83.986132	Max
8	9.9998	-85.215734	Max
12	0.001	-7.8090818	Max
12	9.9998	-85.85103	Max
14	0.7082	-12.929212	Max
14	0.001	-0.60228346	Max
16	0.9556	-11.154618	Max
16	0.001	0.63657339	Max
18	1.0048	-11.01239	Max
18	0.001	0.68811364	Max
18	9.9998	-4.7356388	Max
17	0.99	-11.01122	Max
17	8.9814	-9.2373697	Max
17	0.001	0.7164596	Max
15	0.8742	-11.63844	Max
15	0.001	0.31326533	Max
13	0.001	-2.9091717	Max
13	9.9998	-85.983813	Max
11	0.001	-16.804493	Max
11	9.9998	-85.710435	Max
9	0.001	-58.79743	Max
9	9.9998	-85.396124	Max
7	1.1148	-95.259043	Max
7	0.001	-83.78642	Max
7	9.9998	-85.013407	Max
6	1.115	-95.02945	Max
6	0.001	-83.556993	Max
6	9.9998	-84.781694	Max
8.5	1.1148	-95.550195	Max
8.5	0.001	-78.101702	Max
8.5	9.9998	-85.308307	Max
8.6	1.1148	-95.567846	Max
8.6	0.001	-73.834273	Max
8.6	9.9998	-85.326231	Max
8.7	1.1146	-95.585309	Max
8.7	0.001	-69.780295	Max
8.7	9.9998	-85.34397	Max
8.8	1.1146	-95.602589	Max
8.8	0.001	-65.929353	Max
8.8	9.9998	-85.361528	Max
16.5	0.9766	-11.056742	Max
16.5	7.2422	-11.324658	Max
16.5	0.001	0.69569743	Max
16.4	0.973	-11.071403	Max
16.4	6.848	-11.667019	Max
16.4	0.001	0.68743954	Max
16.3	0.9692	-11.088308	Max
16.3	6.4198	-11.979866	Max
16.3	0.001	0.67754314	Max
16.2	0.9652	-11.107661	Max
16.2	5.9274	-12.258905	Max
16.2	0.001	0.66587014	Max
16.1	0.9606	-11.129682	Max
16.1	5.2274	-12.494072	Max
16.1	0.001	0.65226902	Max
13.5	0.5858	-14.121652	Max
13.5	0.001	-1.5112442	Max
13.4	0.5564	-14.417942	Max
13.4	0.001	-1.7466598	Max
13.3	0.5236	-14.73512	Max
13.3	0.001	-2.0028867	Max
13.3	9.9998	-86.022407	Max
13.2	0.4846	-15.073476	Max
13.2	0.001	-2.2812009	Max
13.2	9.9998	-86.009599	Max
13.1	0.4184	-15.432225	Max
13.1	0.001	-2.5828745	Max
13.1	9.9998	-85.996735	Max
