40	1.2646	-10.853824	Max
40	0.001	-3.0864948	Max
40	9.9998	-3.2117251	Max
20	1.264	-9.1981959	Max
20	0.001	-1.4298322	Max
20	9.9998	-1.5764946	Max
19	1.2636	-9.0801768	Max
19	0.001	-1.3111586	Max
19	9.9998	-1.4723149	Max
18	1.263	-8.9587852	Max
18	0.001	-1.1886876	Max
18	9.9998	-1.3759908	Max
17	1.2618	-8.8354355	Max
17	0.001	-1.0635332	Max
17	9.9998	-1.3021748	Max
16	1.26	-8.712952	Max
16	0.001	-0.93795967	Max
16	9.9998	-1.2929475	Max
15	1.2564	-8.5968411	Max
15	0.001	-0.81634488	Max
15	9.9998	-1.4999013	Max
14	1.2498	-8.4980432	Max
14	0.001	-0.70711674	Max
14	9.9998	-2.5209436	Max
13	1.236	-8.4395887	Max
13	0.001	-0.62702812	Max
13	9.9998	-4.1574516	Max
12	1.2042	-8.4747015	Max
12	6.2598	-9.0034124	Max
12	0.001	-0.61177112	Max
12	9.9998	-4.0548423	Max
11.5	1.174	-8.5636969	Max
11.5	0.001	-0.65123584	Max
11.5	9.9998	-4.0006782	Max
11	1.1282	-8.7392015	Max
11	0.001	-0.74579674	Max
11	9.9998	-3.9443678	Max
10.5	1.0616	-9.0523789	Max
10.5	0.001	-0.92786395	Max
10.5	9.9998	-3.8856993	Max
10	0.9738	-9.5781877	Max
10	0.001	-1.2507041	Max
10	9.9998	-3.8244302	Max
9.5	0.8696	-10.412611	Max
9.5	0.001	-1.7974661	Max
9.5	9.9998	-3.7602802	Max
9	0.7568	-11.659204	Max
9	1.3742	-12.150995	Max
9	0.001	-2.68282	Max
9	9.9998	-3.6929237	Max
8.5	1.374	-12.07977	Max
8.5	0.001	-4.0379436	Max
8.5	9.9998	-3.6219789	Max
8	1.374	-12.004407	Max
8	0.001	-4.4324282	Max
8	9.9998	-3.5469949	Max
7.5	1.3738	-11.924327	Max
7.5	0.001	-4.3521637	Max
7.5	9.9998	-3.4674331	Max
7	1.3738	-11.838822	Max
7	0.001	-4.2663707	Max
7	9.9998	-3.382644	Max
6.5	1.3734	-11.747007	Max
6.5	0.001	-4.1740868	Max
6.5	9.9998	-3.2918336	Max
6	1.373	-11.647751	Max
6	0.001	-4.0740206	Max
6	9.9998	-3.1940177	Max
5.5	1.3722	-11.539561	Max
5.5	0.001	-3.9643095	Max
5.5	9.9998	-3.0879553	Max
5	1.3708	-11.420371	Max
5	0.001	-3.8419167	Max
5	9.9998	-2.9720508	Max
