20	0.236	-1.9583218	Min
20	1.0202	-1.2081408	Max
20	3.0944	-1.9508197	Min
20	0.001	10.463939	Max
20	9.9998	7.9742174	Max
4	0.2294	-1.0144935	Min
4	1.1152	-0.11015357	Max
4	2.8172	-0.55291932	Min
4	0.001	11.361922	Max
4	9.9998	10.147652	Max
5	0.2294	-2.3044462	Min
5	1.1152	-1.4001062	Max
5	2.8172	-1.842872	Min
5	0.001	10.07197	Max
5	9.9998	8.857699	Max
6	0.2294	-2.6938793	Min
6	1.1152	-1.7895393	Max
6	2.8172	-2.232305	Min
6	0.001	9.6825366	Max
6	9.9998	8.468266	Max
7	0.2294	-2.9427513	Min
7	1.1152	-2.0384113	Max
7	2.8172	-2.4811771	Min
7	0.001	9.4336645	Max
7	9.9998	8.2193939	Max
8	0.242	-2.7433404	Min
8	0.9262	-2.1326733	Max
8	2.8172	-2.6779437	Min
8	0.001	9.7164593	Max
8	9.9998	8.0226272	Max
9	0.2386	-2.393329	Min
9	0.9746	-1.7098537	Max
9	3.2638	-2.7955661	Min
9	0.001	10.046531	Max
9	9.9998	7.8539875	Max
10	0.2374	-2.2078883	Min
10	0.9968	-1.4918622	Max
10	3.291	-2.3883116	Min
10	0.001	10.223387	Max
10	9.9998	7.7042385	Max
11	0.2366	-2.1043383	Min
11	1.0076	-1.3726573	Max
11	3.1862	-2.1909108	Min
11	0.001	10.322825	Max
11	9.9998	7.5687973	Max
12	0.2364	-2.0445916	Min
12	1.0132	-1.3048123	Max
12	3.142	-2.0878185	Min
12	0.001	10.380436	Max
12	9.9998	7.4448984	Max
13	0.2362	-2.0094288	Min
13	1.0162	-1.2652215	Max
13	3.1204	-2.0303827	Min
13	0.001	10.414425	Max
13	9.9998	7.6119061	Max
14	0.236	-1.9884857	Min
14	1.0178	-1.2417635	Max
14	3.109	-1.9972359	Min
14	0.001	10.434699	Max
14	9.9998	7.7862122	Max
8.5	0.24	-2.5394621	Min
8.5	0.9552	-1.8849473	Max
8.5	2.8172	-2.765035	Min
8.5	0.001	9.9081731	Max
8.5	9.9998	7.935536	Max
9.5	0.2378	-2.2867436	Min
9.5	0.9878	-1.5839052	Max
9.5	3.4038	-2.5577929	Min
9.5	0.001	10.147998	Max
9.5	9.9998	7.7770992	Max
10.5	0.237	-2.1488838	Min
10.5	1.0032	-1.4236938	Max
10.5	3.2264	-2.272703	Min
10.5	0.001	10.279986	Max
10.5	9.9998	7.6349292	Max
