20	0.236	-1.9583218	Min
20	3.0944	-1.9508197	Min
4	0.2294	-1.0144935	Min
4	2.8172	-0.55291932	Min
5	0.2294	-2.3044462	Min
5	2.8172	-1.842872	Min
6	0.2294	-2.6938793	Min
6	2.8172	-2.232305	Min
7	0.2294	-2.9427513	Min
7	2.8172	-2.4811771	Min
8	0.242	-2.7433404	Min
8	2.8172	-2.6779437	Min
9	0.2386	-2.393329	Min
9	3.2638	-2.7955661	Min
10	0.2374	-2.2078883	Min
10	3.291	-2.3883116	Min
11	0.2366	-2.1043383	Min
11	3.1862	-2.1909108	Min
12	0.2364	-2.0445916	Min
12	3.142	-2.0878185	Min
13	0.2362	-2.0094288	Min
13	3.1204	-2.0303827	Min
14	0.236	-1.9884857	Min
14	3.109	-1.9972359	Min
8.5	0.24	-2.5394621	Min
8.5	2.8172	-2.765035	Min
9.5	0.2378	-2.2867436	Min
9.5	3.4038	-2.5577929	Min
10.5	0.237	-2.1488838	Min
10.5	3.2264	-2.272703	Min
