40	3.1132	-18.76578	Min
40	0.001	1.5091888	Max
40	9.9998	-5.3528741	Max
20	3.115	-16.003129	Min
20	0.001	4.2748952	Max
20	9.9998	-2.6079558	Max
19	3.1162	-15.804287	Min
19	0.001	4.4756521	Max
19	9.9998	-2.4205401	Max
18	3.118	-15.598403	Min
18	0.001	4.6846688	Max
18	9.9998	-2.2342891	Max
17	3.121	-15.386872	Min
17	0.001	4.9013808	Max
17	9.9998	-2.0583005	Max
16	3.1262	-15.172744	Min
16	0.001	5.1242384	Max
16	9.9998	-1.9145825	Max
15	3.1354	-14.962284	Min
15	0.001	5.3499004	Max
15	9.9998	-1.8661637	Max
14	3.1534	-14.768467	Min
14	0.001	5.5717166	Max
14	9.9998	-2.1402097	Max
13	3.1928	-14.62006	Min
13	0.001	5.7766815	Max
13	9.9998	-2.7461438	Max
12	3.2994	-14.590981	Min
12	0.001	5.9387291	Max
12	9.9998	-2.4978578	Max
11.5	3.4326	-14.682868	Min
11.5	0.001	5.9882925	Max
11.5	9.9998	-2.3698706	Max
11	3.7718	-14.946989	Min
11	0.001	6.002122	Max
11	9.9998	-2.2390148	Max
10.5	4.2638	-15.694587	Min
10.5	0.001	5.9612003	Max
10.5	9.9998	-2.1050099	Max
10	3.264	-16.157575	Min
10	0.001	5.8347464	Max
10	9.9998	-1.9675242	Max
9.5	2.883	-16.063761	Min
9.5	0.001	5.5717953	Max
9.5	9.9998	-1.8261641	Max
9	2.8842	-15.912456	Min
9	0.001	5.0879095	Max
9	9.9998	-1.6804595	Max
8.5	2.8854	-15.755756	Min
8.5	0.001	4.2493547	Max
8.5	9.9998	-1.5298469	Max
8	2.8872	-15.592808	Min
8	0.001	4.0711345	Max
8	9.9998	-1.3736463	Max
7.5	2.8892	-15.422549	Min
7.5	0.001	4.2463503	Max
7.5	9.9998	-1.2110314	Max
7	2.8918	-15.24365	Min
7	0.001	4.4320526	Max
7	9.9998	-1.04099	Max
6.5	2.8952	-15.05443	Min
6.5	0.001	4.6310069	Max
6.5	9.9998	-0.86226989	Max
6	2.9	-14.852747	Min
6	0.001	4.847277	Max
6	9.9998	-0.67330253	Max
5.5	2.9066	-14.635833	Min
5.5	0.001	5.087277	Max
5.5	9.9998	-0.47209448	Max
5	2.9164	-14.400061	Min
5	0.001	5.3622145	Max
5	9.9998	-0.25606562	Max
