40	3.1132	-18.76578	Min
20	3.115	-16.003129	Min
19	3.1162	-15.804287	Min
18	3.118	-15.598403	Min
17	3.121	-15.386872	Min
16	3.1262	-15.172744	Min
15	3.1354	-14.962284	Min
14	3.1534	-14.768467	Min
13	3.1928	-14.62006	Min
12	3.2994	-14.590981	Min
11.5	3.4326	-14.682868	Min
11	3.7718	-14.946989	Min
10.5	4.2638	-15.694587	Min
10	3.264	-16.157575	Min
9.5	2.883	-16.063761	Min
9	2.8842	-15.912456	Min
8.5	2.8854	-15.755756	Min
8	2.8872	-15.592808	Min
7.5	2.8892	-15.422549	Min
7	2.8918	-15.24365	Min
6.5	2.8952	-15.05443	Min
6	2.9	-14.852747	Min
5.5	2.9066	-14.635833	Min
5	2.9164	-14.400061	Min
