0	1552
1	651
2	478
3	442
4	355
5	315
6	295
7	256
8	275
9	263
10	248
11	249
12	220
13	189
14	213
15	170
16	172
17	181
18	182
19	180
20	161
21	190
22	136
23	127
24	126
25	149
26	129
27	135
28	132
29	133
30	138
31	111
32	136
33	107
34	116
35	101
36	111
37	85
38	131
39	105
40	105
41	105
42	98
43	88
44	98
45	94
46	93
47	82
48	87
49	99
50	83
51	80
52	85
53	68
54	92
55	74
56	80
57	89
58	90
59	69
60	81
61	80
62	66
63	78
64	72
65	59
66	71
67	66
68	73
69	61
70	77
71	66
72	58
73	71
74	55
75	60
76	68
77	61
78	62
79	62
80	64
81	54
82	71
83	65
84	56
85	62
86	59
87	50
88	62
89	51
90	60
91	62
92	43
93	49
94	53
95	43
96	58
97	61
98	47
99	43
100	58
101	37
102	48
103	53
104	56
105	46
106	41
107	42
108	39
109	52
110	52
111	41
112	49
113	37
114	45
115	40
116	37
117	36
118	33
119	38
120	38
121	42
122	33
123	37
124	42
125	41
126	40
127	27
128	37
129	31
130	37
131	42
132	37
133	44
134	28
135	24
136	29
137	25
138	34
139	37
140	24
141	30
142	42
143	33
144	31
145	26
146	33
147	40
148	35
149	30
150	32
151	46
152	33
153	30
154	25
155	28
156	25
157	23
158	29
159	29
160	29
161	20
162	23
163	32
164	31
165	24
166	35
167	29
168	21
169	28
170	30
171	26
172	22
173	27
174	24
175	25
176	17
177	18
178	22
179	28
180	24
181	24
182	25
183	24
184	27
185	32
186	30
187	19
188	15
189	26
190	22
191	19
192	25
193	20
194	7
195	26
196	26
197	25
198	20
199	22
200	28
201	20
202	21
203	12
204	21
205	20
206	29
207	12
208	22
209	21
210	18
211	16
212	15
213	22
214	17
215	18
216	21
217	18
218	15
219	13
220	19
221	14
222	16
223	13
224	20
225	20
226	10
227	18
228	22
229	12
230	21
231	17
232	15
233	27
234	18
235	14
236	10
237	20
238	15
239	17
240	15
241	15
242	17
243	16
244	17
245	8
246	16
247	11
248	12
249	11
250	17
251	11
252	14
253	12
254	10
255	19
256	10
257	7
258	13
259	13
260	10
261	16
262	14
263	12
264	20
265	18
266	11
267	13
268	13
269	13
270	14
271	18
272	10
273	17
274	10
275	14
276	12
277	16
278	15
279	16
280	14
281	6
282	15
283	13
284	5
285	26
286	15
287	10
288	11
289	10
290	11
291	14
292	12
293	13
294	13
295	13
296	10
297	11
298	11
299	16
300	14
301	14
302	9
303	11
304	12
305	11
306	13
307	9
308	11
309	6
310	8
311	10
312	4
313	11
314	9
315	12
316	10
317	7
318	9
319	9
320	14
321	15
322	10
323	7
324	6
325	10
326	8
327	9
328	7
329	6
330	9
331	7
332	6
333	4
334	9
335	7
336	13
337	7
338	4
339	4
340	7
341	8
342	4
343	7
344	7
345	14
346	11
347	7
348	12
349	5
350	6
351	9
352	4
353	12
354	10
355	3
356	7
357	7
358	6
359	7
360	9
361	4
362	6
363	11
364	10
365	10
366	6
367	7
368	10
369	8
370	8
371	2
372	6
373	5
374	7
375	3
376	8
377	9
378	5
379	6
380	6
381	7
382	4
383	3
384	5
385	3
386	8
387	8
388	1
389	3
390	5
391	8
392	3
393	7
394	7
395	5
396	1
397	1
398	6
399	7
400	5
401	8
402	4
403	9
404	6
405	4
406	6
407	10
408	0
409	3
410	6
411	5
412	6
413	8
414	4
415	4
416	2
417	3
418	2
419	4
420	6
421	2
422	5
423	3
424	1
425	6
426	3
427	7
428	5
429	1
430	5
431	7
432	2
433	5
434	3
435	3
436	9
437	4
438	4
439	4
440	3
441	4
442	6
443	6
444	5
445	6
446	3
447	6
448	0
449	2
450	9
451	6
452	5
453	2
454	2
455	1
456	4
457	4
458	1
459	3
460	4
461	2
462	7
463	4
464	2
465	4
466	4
467	4
468	2
469	5
470	3
471	5
472	2
473	7
474	1
475	4
476	5
477	1
478	6
479	4
480	4
481	3
482	4
483	6
484	2
485	1
486	2
487	3
488	4
489	3
490	6
491	0
492	2
493	3
494	6
495	4
496	4
497	3
498	5
499	1
500	4
501	1
502	1
503	3
504	3
505	2
506	2
507	4
508	4
509	2
510	3
511	0
512	0
513	2
514	1
515	3
516	4
517	4
518	1
519	3
520	0
521	3
522	2
523	3
524	5
525	4
526	2
527	2
528	2
529	2
530	3
531	4
532	4
533	3
534	3
535	1
536	1
537	2
538	2
539	3
540	1
541	2
542	1
543	0
544	2
545	3
546	1
547	3
548	1
549	2
550	0
551	1
552	2
553	4
554	3
555	3
556	2
557	2
558	1
559	1
560	1
561	2
562	2
563	1
564	6
565	5
566	2
567	2
568	5
569	2
570	2
571	4
572	0
573	3
574	1
575	1
576	1
577	4
578	3
579	2
580	0
581	3
582	1
583	1
584	3
585	1
586	3
587	2
588	1
589	2
590	1
591	4
592	1
593	2
594	1
595	2
596	2
597	3
598	0
599	1
600	1
601	1
602	4
603	1
604	2
605	1
606	2
607	0
608	0
609	1
610	0
611	1
612	0
613	1
614	1
615	0
616	0
617	1
618	0
619	0
620	0
621	1
622	2
623	0
624	1
625	1
626	1
627	1
628	2
629	2
630	2
631	1
632	1
633	1
634	1
635	1
636	2
637	2
638	3
639	1
640	2
641	1
642	3
643	3
644	1
645	0
646	2
647	1
648	2
649	2
650	1
651	1
652	1
653	3
654	0
655	3
656	3
657	0
658	2
659	1
660	1
661	2
662	0
663	0
664	1
665	1
666	2
667	0
668	1
669	1
670	0
671	1
672	3
673	1
674	1
675	3
676	1
677	1
678	0
679	0
680	2
681	0
682	0
683	2
684	2
685	1
686	2
687	2
688	4
689	0
690	3
691	0
692	0
693	0
694	2
695	2
696	1
697	2
698	0
699	0
700	0
701	0
702	1
703	1
704	0
705	0
706	1
707	0
708	1
709	2
710	0
711	1
712	0
713	0
714	0
715	0
716	3
717	1
718	1
719	0
720	0
721	0
722	1
723	1
724	3
725	3
726	0
727	0
728	0
729	2
730	0
731	0
732	0
733	1
734	0
735	0
736	0
737	2
738	0
739	0
740	2
741	0
742	1
743	2
744	0
745	2
746	1
747	3
748	1
749	0
750	0
751	0
752	0
753	1
754	0
755	2
756	2
757	0
758	2
759	2
760	2
761	1
762	0
763	1
764	0
765	0
766	0
767	2
768	0
769	0
770	2
771	0
772	0
773	0
774	0
775	0
776	0
777	0
778	1
779	0
780	0
781	1
782	1
783	0
784	1
785	1
786	0
787	0
788	0
789	0
790	0
791	0
792	0
793	0
794	1
795	0
796	2
797	0
798	0
799	1
800	0
801	1
802	0
803	2
804	2
805	0
806	1
807	0
808	0
809	0
810	0
811	0
812	0
813	0
814	0
815	0
816	2
817	0
818	1
819	1
820	0
821	0
822	0
823	0
824	1
825	1
826	3
827	0
828	0
829	0
830	1
831	0
832	0
833	1
834	0
835	1
836	2
837	0
838	0
839	0
840	0
841	0
842	1
843	3
844	1
845	0
846	1
847	1
848	0
849	1
850	0
851	0
852	0
853	0
854	0
855	0
856	0
857	1
858	0
859	1
860	0
861	0
862	0
863	0
864	0
865	2
866	0
867	1
868	0
869	1
870	0
871	0
872	0
873	0
874	0
875	0
876	0
877	0
878	0
879	0
880	0
881	0
882	0
883	0
884	0
885	0
886	0
887	0
888	0
889	1
890	0
891	1
892	0
893	0
894	0
895	0
896	0
897	1
898	0
899	0
900	0
901	1
902	0
903	0
904	0
905	0
906	0
907	0
908	0
909	0
910	0
911	0
912	0
913	0
914	0
915	0
916	1
917	0
918	0
919	0
920	0
921	0
922	0
923	0
924	0
925	2
926	0
927	1
928	0
929	1
930	0
931	0
932	0
933	0
934	0
935	0
936	0
937	0
938	0
939	0
940	0
941	1
942	0
943	0
944	0
945	0
946	0
947	1
948	0
949	1
950	0
951	0
952	0
953	0
954	0
955	0
956	0
957	0
958	1
959	1
960	0
961	0
962	1
963	0
964	0
965	0
966	1
967	0
968	1
969	0
970	0
971	0
972	0
973	0
974	0
975	0
976	0
977	0
978	0
979	0
980	0
981	0
982	0
983	0
984	1
985	0
986	0
987	0
988	1
989	0
990	0
991	0
992	0
993	0
994	1
995	0
996	1
997	1
998	0
999	0
