40	0.1672	-12.546852	Min
40	1.2646	-10.853824	Max
40	3.0746	-11.267679	Min
40	0.001	-3.0864945	Max
40	9.9998	-3.2117235	Max
20	0.1672	-10.883309	Min
20	1.2646	-9.1902858	Max
20	3.0746	-9.6041557	Min
20	0.001	-1.4229513	Max
20	9.9998	-1.5486204	Max
19	0.1672	-10.760223	Min
19	1.2646	-9.0672081	Max
19	3.0746	-9.4811022	Min
19	0.001	-1.2998644	Max
19	9.9998	-1.4262546	Max
18	0.1672	-10.63051	Min
18	1.2646	-8.9375172	Max
18	3.0748	-9.3514756	Min
18	0.001	-1.1701488	Max
18	9.9998	-1.2984475	Max
17	0.1672	-10.49346	Min
17	1.2646	-8.8005257	Max
17	3.075	-9.2146551	Min
17	0.001	-1.0330917	Max
17	9.9998	-1.1665442	Max
16	0.1672	-10.34831	Min
16	1.2644	-8.655532	Max
16	3.076	-9.0701153	Min
16	0.001	-0.88792312	Max
16	9.9998	-1.0362807	Max
15	0.1672	-10.194354	Min
15	1.2642	-8.5019917	Max
15	3.0782	-8.9177869	Min
15	0.001	-0.7339176	Max
15	9.9998	-0.93619961	Max
14	0.1672	-10.031284	Min
14	1.2634	-8.3400361	Max
14	3.0846	-8.7591375	Min
14	0.001	-0.57071594	Max
14	9.9998	-1.1866638	Max
13	0.1672	-9.8602084	Min
13	1.261	-8.1720192	Max
13	3.1038	-8.6007973	Min
13	8.6892	-4.4853613	Max
13	9.2638	-4.9077599	Min
13	0.001	-0.39928144	Max
13	9.9998	-3.3414888	Max
12	0.1674	-9.6867869	Min
12	1.2538	-8.0076535	Max
12	3.1854	-8.4717421	Min
12	6.297	-7.4148313	Max
12	7.2638	-8.3267844	Min
12	0.001	-0.2248286	Max
12	9.9998	-3.2322015	Max
11.5	0.1674	-9.6045386	Min
11.5	1.245	-7.9362305	Max
11.5	3.3788	-8.4624391	Min
11.5	4.8958	-8.3052974	Max
11.5	6.264	-9.6184898	Min
11.5	0.001	-0.1413999	Max
11.5	9.9998	-3.1748819	Max
11	0.1678	-9.5327462	Min
11	1.2266	-7.8865261	Max
11	5.264	-10.613163	Min
11	0.001	-0.067321793	Max
11	9.9998	-3.1155411	Max
10.5	0.1682	-9.4856099	Min
10.5	1.1842	-7.8902076	Max
10.5	4.264	-11.286663	Min
10.5	0.001	-0.015249526	Max
10.5	9.9998	-3.05397	Max
10	0.1698	-9.4993384	Min
10	1.085	-8.0361643	Max
10	3.264	-11.602006	Min
10	0.001	-0.016427739	Max
10	9.9998	-2.9899283	Max
9.5	0.1746	-9.6856929	Min
9.5	0.8912	-8.570425	Max
9.5	2.7894	-11.57941	Min
9.5	0.001	-0.16316662	Max
9.5	9.9998	-2.9231382	Max
9	0.1962	-10.443886	Min
9	0.619	-10.013129	Max
9	1.264	-11.303511	Min
9	1.373	-11.296396	Max
9	2.7894	-11.509486	Min
9	0.001	-0.77233283	Max
9	9.9998	-2.8532765	Max
8.5	0.2638	-12.900339	Min
8.5	1.373	-11.22301	Max
8.5	2.7896	-11.436111	Min
8.5	0.001	-2.7367116	Max
8.5	9.9998	-2.7799644	Max
8	0.1646	-13.006694	Min
8	1.373	-11.145721	Max
8	2.7896	-11.358836	Min
8	0.001	-3.5725419	Max
8	9.9998	-2.7027534	Max
7.5	0.1646	-12.924937	Min
7.5	1.373	-11.063986	Max
7.5	2.7896	-11.277122	Min
7.5	0.001	-3.4907813	Max
7.5	9.9998	-2.6211078	Max
7	0.1646	-12.838059	Min
7	1.373	-10.977147	Max
7	2.7896	-11.190316	Min
7	0.001	-3.4038975	Max
7	9.9998	-2.5343805	Max
6.5	0.1646	-12.745232	Min
6.5	1.373	-10.884392	Max
6.5	2.7896	-11.097616	Min
6.5	0.001	-3.3110587	Max
6.5	9.9998	-2.4417798	Max
6	0.1646	-12.645403	Min
6	1.3728	-10.784703	Max
6	2.7898	-10.998025	Min
6	0.001	-3.2112057	Max
6	9.9998	-2.3423234	Max
5.5	0.1646	-12.537193	Min
5.5	1.3728	-10.676774	Max
5.5	2.79	-10.890278	Min
5.5	0.001	-3.1029441	Max
5.5	9.9998	-2.2347716	Max
5	0.1646	-12.418706	Min
5	1.3724	-10.558894	Max
5	2.7904	-10.772738	Min
5	0.001	-2.9843371	Max
5	9.9998	-2.1175293	Max
