40	0.1672	-12.546852	Min
40	3.0746	-11.267679	Min
20	0.1672	-10.883309	Min
20	3.0746	-9.6041557	Min
19	0.1672	-10.760223	Min
19	3.0746	-9.4811022	Min
18	0.1672	-10.63051	Min
18	3.0748	-9.3514756	Min
17	0.1672	-10.49346	Min
17	3.075	-9.2146551	Min
16	0.1672	-10.34831	Min
16	3.076	-9.0701153	Min
15	0.1672	-10.194354	Min
15	3.0782	-8.9177869	Min
14	0.1672	-10.031284	Min
14	3.0846	-8.7591375	Min
13	0.1672	-9.8602084	Min
13	3.1038	-8.6007973	Min
13	9.2638	-4.9077599	Min
12	0.1674	-9.6867869	Min
12	3.1854	-8.4717421	Min
12	7.2638	-8.3267844	Min
11.5	0.1674	-9.6045386	Min
11.5	3.3788	-8.4624391	Min
11.5	6.264	-9.6184898	Min
11	0.1678	-9.5327462	Min
11	5.264	-10.613163	Min
10.5	0.1682	-9.4856099	Min
10.5	4.264	-11.286663	Min
10	0.1698	-9.4993384	Min
10	3.264	-11.602006	Min
9.5	0.1746	-9.6856929	Min
9.5	2.7894	-11.57941	Min
9	0.1962	-10.443886	Min
9	1.264	-11.303511	Min
9	2.7894	-11.509486	Min
8.5	0.2638	-12.900339	Min
8.5	2.7896	-11.436111	Min
8	0.1646	-13.006694	Min
8	2.7896	-11.358836	Min
7.5	0.1646	-12.924937	Min
7.5	2.7896	-11.277122	Min
7	0.1646	-12.838059	Min
7	2.7896	-11.190316	Min
6.5	0.1646	-12.745232	Min
6.5	2.7896	-11.097616	Min
6	0.1646	-12.645403	Min
6	2.7898	-10.998025	Min
5.5	0.1646	-12.537193	Min
5.5	2.79	-10.890278	Min
5	0.1646	-12.418706	Min
5	2.7904	-10.772738	Min
