40	1.2646	-10.853824	Max
40	0.001	-3.0864945	Max
40	9.9998	-3.2117235	Max
20	1.2646	-9.1902858	Max
20	0.001	-1.4229513	Max
20	9.9998	-1.5486204	Max
19	1.2646	-9.0672081	Max
19	0.001	-1.2998644	Max
19	9.9998	-1.4262546	Max
18	1.2646	-8.9375172	Max
18	0.001	-1.1701488	Max
18	9.9998	-1.2984475	Max
17	1.2646	-8.8005257	Max
17	0.001	-1.0330917	Max
17	9.9998	-1.1665442	Max
16	1.2644	-8.655532	Max
16	0.001	-0.88792312	Max
16	9.9998	-1.0362807	Max
15	1.2642	-8.5019917	Max
15	0.001	-0.7339176	Max
15	9.9998	-0.93619961	Max
14	1.2634	-8.3400361	Max
14	0.001	-0.57071594	Max
14	9.9998	-1.1866638	Max
13	1.261	-8.1720192	Max
13	8.6892	-4.4853613	Max
13	0.001	-0.39928144	Max
13	9.9998	-3.3414888	Max
12	1.2538	-8.0076535	Max
12	6.297	-7.4148313	Max
12	0.001	-0.2248286	Max
12	9.9998	-3.2322015	Max
11.5	1.245	-7.9362305	Max
11.5	4.8958	-8.3052974	Max
11.5	0.001	-0.1413999	Max
11.5	9.9998	-3.1748819	Max
11	1.2266	-7.8865261	Max
11	0.001	-0.067321793	Max
11	9.9998	-3.1155411	Max
10.5	1.1842	-7.8902076	Max
10.5	0.001	-0.015249526	Max
10.5	9.9998	-3.05397	Max
10	1.085	-8.0361643	Max
10	0.001	-0.016427739	Max
10	9.9998	-2.9899283	Max
9.5	0.8912	-8.570425	Max
9.5	0.001	-0.16316662	Max
9.5	9.9998	-2.9231382	Max
9	0.619	-10.013129	Max
9	1.373	-11.296396	Max
9	0.001	-0.77233283	Max
9	9.9998	-2.8532765	Max
8.5	1.373	-11.22301	Max
8.5	0.001	-2.7367116	Max
8.5	9.9998	-2.7799644	Max
8	1.373	-11.145721	Max
8	0.001	-3.5725419	Max
8	9.9998	-2.7027534	Max
7.5	1.373	-11.063986	Max
7.5	0.001	-3.4907813	Max
7.5	9.9998	-2.6211078	Max
7	1.373	-10.977147	Max
7	0.001	-3.4038975	Max
7	9.9998	-2.5343805	Max
6.5	1.373	-10.884392	Max
6.5	0.001	-3.3110587	Max
6.5	9.9998	-2.4417798	Max
6	1.3728	-10.784703	Max
6	0.001	-3.2112057	Max
6	9.9998	-2.3423234	Max
5.5	1.3728	-10.676774	Max
5.5	0.001	-3.1029441	Max
5.5	9.9998	-2.2347716	Max
5	1.3724	-10.558894	Max
5	0.001	-2.9843371	Max
5	9.9998	-2.1175293	Max
