0 0 0 0 0 0         A
0 0 0 0 0 1         B
0 0 0 0 1 1         B
0 0 0 1 1 1         B
0 0 1 1 1 1         B
0 1 1 1 1 1         B
0 0 0 0 1 0         C
0 0 0 0 1 3         C
0 0 0 1 0 0         C
0 0 0 1 0 1         C
0 0 0 1 0 2         C
0 0 0 1 1 0         C
0 0 0 1 1 3         C
0 0 0 1 3 1         C
0 0 0 1 3 3         C
0 0 1 0 0 0         C
0 0 1 0 0 1         C
0 0 1 0 0 2         C
0 0 1 0 1 0         C
0 0 1 0 1 1         C
0 0 1 0 1 3         C
0 0 1 0 2 0         C
0 0 1 0 2 2         C
0 0 1 1 0 0         C
0 0 1 1 0 1         C
0 0 1 1 0 2         C
0 0 1 1 1 0         C
0 0 1 1 1 3         C
0 0 1 1 3 1         C
0 0 1 1 3 2         C
0 0 1 1 3 3         C
0 0 1 3 1 0         C
0 0 1 3 1 1         C
0 0 1 3 1 3         C
0 0 1 3 3 1         C
0 0 1 3 3 3         C
0 1 0 0 0 0         C
0 1 0 0 0 1         C
0 1 0 0 0 2         C
0 1 0 0 1 0         C
0 1 0 0 1 1         C
0 1 0 0 1 3         C
0 1 0 0 2 0         C
0 1 0 0 2 2         C
0 1 0 0 2 3         C
0 1 0 1 0 0         C
0 1 0 1 0 1         C
0 1 0 1 0 2         C
0 1 0 1 1 0         C
0 1 0 1 1 1         C
0 1 0 1 1 3         C
0 1 0 1 3 1         C
0 1 0 1 3 3         C
0 1 0 2 0 0         C
0 1 0 2 0 1         C
0 1 0 2 0 2         C
0 1 0 2 2 0         C
0 1 0 2 2 2         C
0 1 0 2 2 3         C
0 1 1 0 0 0         C
0 1 1 0 0 1         C
0 1 1 0 0 2         C
0 1 1 0 1 0         C
0 1 1 0 1 1         C
0 1 1 0 1 3         C
0 1 1 0 2 0         C
0 1 1 0 2 2         C
0 1 1 1 0 0         C
0 1 1 1 0 1         C
0 1 1 1 0 2         C
0 1 1 1 1 0         C
0 1 1 1 1 3         C
0 1 1 1 3 1         C
0 1 1 1 3 2         C
0 1 1 1 3 3         C
0 1 1 3 1 0         C
0 1 1 3 1 1         C
0 1 1 3 1 3         C
0 1 1 3 2 3         C
0 1 1 3 3 1         C
0 1 1 3 3 2         C
0 1 1 3 3 3         C
0 1 3 1 0 0         C
0 1 3 1 0 1         C
0 1 3 1 1 0         C
0 1 3 1 1 1         C
0 1 3 1 1 3         C
0 1 3 1 3 1         C
0 1 3 1 3 2         C
0 1 3 1 3 3         C
0 1 3 3 1 0         C
0 1 3 3 1 1         C
0 1 3 3 1 3         C
0 1 3 3 2 2         C
0 1 3 3 2 3         C
0 1 3 3 3 1         C
0 1 3 3 3 2         C
0 1 3 3 3 3         C
1 1 1 1 1 1         D
1 0 0 0 0 0         E
1 0 0 0 0 1         E
1 0 0 0 0 2         E
1 0 0 0 1 0         E
1 0 0 0 1 1         E
1 0 0 0 1 3         E
1 0 0 0 2 0         E
1 0 0 0 2 2         E
1 0 0 0 2 3         E
1 0 0 1 0 0         E
1 0 0 1 0 1         E
1 0 0 1 0 2         E
1 0 0 1 1 0         E
1 0 0 1 1 1         E
1 0 0 1 1 3         E
1 0 0 1 3 1         E
1 0 0 1 3 3         E
1 0 0 2 0 0         E
1 0 0 2 0 1         E
1 0 0 2 0 2         E
1 0 0 2 2 0         E
1 0 0 2 2 2         E
1 0 0 2 2 3         E
1 0 0 2 3 2         E
1 0 1 0 0 0         E
1 0 1 0 0 1         E
1 0 1 0 0 2         E
1 0 1 0 1 0         E
1 0 1 0 1 1         E
1 0 1 0 1 3         E
1 0 1 0 2 0         E
1 0 1 0 2 2         E
1 0 1 1 0 0         E
1 0 1 1 0 1         E
1 0 1 1 0 2         E
1 0 1 1 1 0         E
1 0 1 1 1 1         E
1 0 1 1 1 3         E
1 0 1 1 3 1         E
1 0 1 1 3 2         E
1 0 1 1 3 3         E
1 0 1 3 1 0         E
1 0 1 3 1 1         E
1 0 1 3 1 3         E
1 0 1 3 3 1         E
1 0 1 3 3 2         E
1 0 1 3 3 3         E
1 0 2 0 0 0         E
1 0 2 0 0 1         E
1 0 2 0 0 2         E
1 0 2 0 1 0         E
1 0 2 0 1 1         E
1 0 2 0 2 0         E
1 0 2 0 2 2         E
1 0 2 0 2 3         E
1 0 2 2 0 0         E
1 0 2 2 0 1         E
1 0 2 2 0 2         E
1 0 2 2 2 0         E
1 0 2 2 2 2         E
1 0 2 2 2 3         E
1 0 2 2 3 2         E
1 0 2 2 3 3         E
1 1 0 0 0 0         E
1 1 0 0 0 1         E
1 1 0 0 0 2         E
1 1 0 0 1 0         E
1 1 0 0 1 1         E
1 1 0 0 1 3         E
1 1 0 0 2 0         E
1 1 0 0 2 2         E
1 1 0 0 2 3         E
1 1 0 1 0 0         E
1 1 0 1 0 1         E
1 1 0 1 0 2         E
1 1 0 1 1 0         E
1 1 0 1 1 1         E
1 1 0 1 1 3         E
1 1 0 1 3 1         E
1 1 0 1 3 3         E
1 1 0 2 0 0         E
1 1 0 2 0 1         E
1 1 0 2 0 2         E
1 1 0 2 2 0         E
1 1 0 2 2 2         E
1 1 1 0 0 0         E
1 1 1 0 0 1         E
1 1 1 0 0 2         E
1 1 1 0 1 0         E
1 1 1 0 1 1         E
1 1 1 0 1 3         E
1 1 1 0 2 0         E
1 1 1 0 2 2         E
1 1 1 1 0 0         E
1 1 1 1 0 1         E
1 1 1 1 0 2         E
1 1 1 1 1 0         E
1 1 1 1 1 3         E
1 1 1 1 3 1         E
1 1 1 1 3 2         E
1 1 1 1 3 3         E
1 1 1 3 1 0         E
1 1 1 3 1 1         E
1 1 1 3 1 3         E
1 1 1 3 2 2         E
1 1 1 3 2 3         E
1 1 1 3 3 1         E
1 1 1 3 3 2         E
1 1 1 3 3 3         E
1 1 3 1 0 0         E
1 1 3 1 0 1         E
1 1 3 1 1 0         E
1 1 3 1 1 1         E
1 1 3 1 1 3         E
1 1 3 1 3 1         E
1 1 3 1 3 2         E
1 1 3 1 3 3         E
1 1 3 2 2 2         E
1 1 3 2 2 3         E
1 1 3 2 3 1         E
1 1 3 2 3 2         E
1 1 3 2 3 3         E
1 1 3 3 1 0         E
1 1 3 3 1 1         E
1 1 3 3 1 3         E
1 1 3 3 2 0         E
1 1 3 3 2 2         E
1 1 3 3 2 3         E
1 1 3 3 3 1         E
1 1 3 3 3 2         E
1 1 3 3 3 3         E
1 3 1 0 0 0         E
1 3 1 0 0 1         E
1 3 1 0 0 2         E
1 3 1 0 1 0         E
1 3 1 0 1 1         E
1 3 1 0 1 3         E
1 3 1 1 0 0         E
1 3 1 1 0 1         E
1 3 1 1 0 2         E
1 3 1 1 1 0         E
1 3 1 1 1 1         E
1 3 1 1 1 3         E
1 3 1 1 3 1         E
1 3 1 1 3 2         E
1 3 1 1 3 3         E
1 3 1 3 1 0         E
1 3 1 3 1 1         E
1 3 1 3 1 3         E
1 3 1 3 2 2         E
1 3 1 3 2 3         E
1 3 1 3 3 1         E
1 3 1 3 3 2         E
1 3 1 3 3 3         E
1 3 2 2 0 0         E
1 3 2 2 0 2         E
1 3 2 2 2 0         E
1 3 2 2 2 2         E
1 3 2 2 2 3         E
1 3 2 2 3 1         E
1 3 2 2 3 2         E
1 3 2 2 3 3         E
1 3 2 3 1 1         E
1 3 2 3 1 3         E
1 3 2 3 2 0         E
1 3 2 3 2 2         E
1 3 2 3 2 3         E
1 3 2 3 3 1         E
1 3 2 3 3 2         E
1 3 2 3 3 3         E
1 3 3 1 0 0         E
1 3 3 1 0 1         E
1 3 3 1 1 0         E
1 3 3 1 1 1         E
1 3 3 1 1 3         E
1 3 3 1 3 1         E
1 3 3 1 3 2         E
1 3 3 1 3 3         E
1 3 3 2 0 2         E
1 3 3 2 2 0         E
1 3 3 2 2 2         E
1 3 3 2 2 3         E
1 3 3 2 3 1         E
1 3 3 2 3 2         E
1 3 3 2 3 3         E
1 3 3 3 1 0         E
1 3 3 3 1 1         E
1 3 3 3 1 3         E
1 3 3 3 2 0         E
1 3 3 3 2 2         E
1 3 3 3 2 3         E
1 3 3 3 3 1         E
1 3 3 3 3 2         E
1 3 3 3 3 3         E
0 0 0 0 0 2         F
0 0 0 0 2 0         F
0 0 0 0 2 2         F
0 0 0 0 2 3         F
0 0 0 2 0 0         F
0 0 0 2 0 1         F
0 0 0 2 0 2         F
0 0 0 2 2 0         F
0 0 0 2 2 2         F
0 0 0 2 2 3         F
0 0 0 2 3 2         F
0 0 0 2 3 3         F
0 0 2 0 0 0         F
0 0 2 0 0 1         F
0 0 2 0 0 2         F
0 0 2 0 1 0         F
0 0 2 0 1 1         F
0 0 2 0 2 0         F
0 0 2 0 2 2         F
0 0 2 0 2 3         F
0 0 2 2 0 0         F
0 0 2 2 0 1         F
0 0 2 2 0 2         F
0 0 2 2 2 0         F
0 0 2 2 2 2         F
0 0 2 2 2 3         F
0 0 2 2 3 1         F
0 0 2 2 3 2         F
0 0 2 2 3 3         F
0 0 2 3 2 0         F
0 0 2 3 2 2         F
0 0 2 3 2 3         F
0 0 2 3 3 2         F
0 0 2 3 3 3         F
0 2 0 0 0 0         F
0 2 0 0 0 1         F
0 2 0 0 0 2         F
0 2 0 0 1 0         F
0 2 0 0 1 1         F
0 2 0 0 1 3         F
0 2 0 0 2 0         F
0 2 0 0 2 2         F
0 2 0 0 2 3         F
0 2 0 1 0 0         F
0 2 0 1 0 1         F
0 2 0 1 0 2         F
0 2 0 1 1 0         F
0 2 0 1 1 1         F
0 2 0 1 1 3         F
0 2 0 2 0 0         F
0 2 0 2 0 1         F
0 2 0 2 0 2         F
0 2 0 2 2 0         F
0 2 0 2 2 2         F
0 2 0 2 2 3         F
0 2 0 2 3 2         F
0 2 0 2 3 3         F
0 2 2 0 0 0         F
0 2 2 0 0 1         F
0 2 2 0 0 2         F
0 2 2 0 1 0         F
0 2 2 0 1 1         F
0 2 2 0 2 0         F
0 2 2 0 2 2         F
0 2 2 0 2 3         F
0 2 2 2 0 0         F
0 2 2 2 0 1         F
0 2 2 2 0 2         F
0 2 2 2 2 0         F
0 2 2 2 2 2         F
0 2 2 2 2 3         F
0 2 2 2 3 1         F
0 2 2 2 3 2         F
0 2 2 2 3 3         F
0 2 2 3 1 3         F
0 2 2 3 2 0         F
0 2 2 3 2 2         F
0 2 2 3 2 3         F
0 2 2 3 3 1         F
0 2 2 3 3 2         F
0 2 2 3 3 3         F
0 2 3 2 0 0         F
0 2 3 2 0 2         F
0 2 3 2 2 0         F
0 2 3 2 2 2         F
0 2 3 2 2 3         F
0 2 3 2 3 1         F
0 2 3 2 3 2         F
0 2 3 2 3 3         F
0 2 3 3 1 1         F
0 2 3 3 1 3         F
0 2 3 3 2 0         F
0 2 3 3 2 2         F
0 2 3 3 2 3         F
0 2 3 3 3 1         F
0 2 3 3 3 2         F
0 2 3 3 3 3         F
2 0 0 0 0 0         G
2 0 0 0 0 1         G
2 0 0 0 0 2         G
2 0 0 0 1 0         G
2 0 0 0 1 1         G
2 0 0 0 1 3         G
2 0 0 0 2 0         G
2 0 0 0 2 2         G
2 0 0 0 2 3         G
2 0 0 1 0 0         G
2 0 0 1 0 1         G
2 0 0 1 0 2         G
2 0 0 1 1 0         G
2 0 0 1 1 1         G
2 0 0 1 1 3         G
2 0 0 1 3 1         G
2 0 0 2 0 0         G
2 0 0 2 0 1         G
2 0 0 2 0 2         G
2 0 0 2 2 0         G
2 0 0 2 2 2         G
2 0 0 2 2 3         G
2 0 0 2 3 2         G
2 0 0 2 3 3         G
2 0 1 0 0 0         G
2 0 1 0 0 1         G
2 0 1 0 0 2         G
2 0 1 0 1 0         G
2 0 1 0 1 1         G
2 0 1 0 1 3         G
2 0 1 0 2 0         G
2 0 1 0 2 2         G
2 0 1 1 0 0         G
2 0 1 1 0 1         G
2 0 1 1 0 2         G
2 0 1 1 1 0         G
2 0 1 1 1 1         G
2 0 1 1 1 3         G
2 0 1 1 3 1         G
2 0 1 1 3 3         G
2 0 2 0 0 0         G
2 0 2 0 0 1         G
2 0 2 0 0 2         G
2 0 2 0 1 0         G
2 0 2 0 1 1         G
2 0 2 0 2 0         G
2 0 2 0 2 2         G
2 0 2 0 2 3         G
2 0 2 2 0 0         G
2 0 2 2 0 1         G
2 0 2 2 0 2         G
2 0 2 2 2 0         G
2 0 2 2 2 2         G
2 0 2 2 2 3         G
2 0 2 2 3 1         G
2 0 2 2 3 2         G
2 0 2 2 3 3         G
2 0 2 3 2 0         G
2 0 2 3 2 2         G
2 0 2 3 2 3         G
2 0 2 3 3 1         G
2 0 2 3 3 2         G
2 0 2 3 3 3         G
2 2 0 0 0 0         G
2 2 0 0 0 1         G
2 2 0 0 0 2         G
2 2 0 0 1 0         G
2 2 0 0 1 1         G
2 2 0 0 1 3         G
2 2 0 0 2 0         G
2 2 0 0 2 2         G
2 2 0 0 2 3         G
2 2 0 1 0 0         G
2 2 0 1 0 1         G
2 2 0 1 0 2         G
2 2 0 1 1 0         G
2 2 0 1 1 1         G
2 2 0 2 0 0         G
2 2 0 2 0 1         G
2 2 0 2 0 2         G
2 2 0 2 2 0         G
2 2 0 2 2 2         G
2 2 0 2 2 3         G
2 2 0 2 3 2         G
2 2 0 2 3 3         G
2 2 2 0 0 0         G
2 2 2 0 0 1         G
2 2 2 0 0 2         G
2 2 2 0 1 0         G
2 2 2 0 1 1         G
2 2 2 0 2 0         G
2 2 2 0 2 2         G
2 2 2 0 2 3         G
2 2 2 2 0 0         G
2 2 2 2 0 1         G
2 2 2 2 0 2         G
2 2 2 2 2 0         G
2 2 2 2 2 2         G
2 2 2 2 2 3         G
2 2 2 2 3 1         G
2 2 2 2 3 2         G
2 2 2 2 3 3         G
2 2 2 3 1 1         G
2 2 2 3 1 3         G
2 2 2 3 2 0         G
2 2 2 3 2 2         G
2 2 2 3 2 3         G
2 2 2 3 3 1         G
2 2 2 3 3 2         G
2 2 2 3 3 3         G
2 2 3 1 1 1         G
2 2 3 1 1 3         G
2 2 3 1 3 1         G
2 2 3 1 3 2         G
2 2 3 1 3 3         G
2 2 3 2 0 0         G
2 2 3 2 0 2         G
2 2 3 2 2 0         G
2 2 3 2 2 2         G
2 2 3 2 2 3         G
2 2 3 2 3 1         G
2 2 3 2 3 2         G
2 2 3 2 3 3         G
2 2 3 3 1 0         G
2 2 3 3 1 1         G
2 2 3 3 1 3         G
2 2 3 3 2 0         G
2 2 3 3 2 2         G
2 2 3 3 2 3         G
2 2 3 3 3 1         G
2 2 3 3 3 2         G
2 2 3 3 3 3         G
2 3 1 1 0 0         G
2 3 1 1 0 1         G
2 3 1 1 1 0         G
2 3 1 1 1 1         G
2 3 1 1 1 3         G
2 3 1 1 3 1         G
2 3 1 1 3 2         G
2 3 1 1 3 3         G
2 3 1 3 1 0         G
2 3 1 3 1 1         G
2 3 1 3 1 3         G
2 3 1 3 2 2         G
2 3 1 3 2 3         G
2 3 1 3 3 1         G
2 3 1 3 3 2         G
2 3 1 3 3 3         G
2 3 2 0 0 0         G
2 3 2 0 0 1         G
2 3 2 0 0 2         G
2 3 2 0 2 0         G
2 3 2 0 2 2         G
2 3 2 0 2 3         G
2 3 2 2 0 0         G
2 3 2 2 0 1         G
2 3 2 2 0 2         G
2 3 2 2 2 0         G
2 3 2 2 2 2         G
2 3 2 2 2 3         G
2 3 2 2 3 1         G
2 3 2 2 3 2         G
2 3 2 2 3 3         G
2 3 2 3 1 1         G
2 3 2 3 1 3         G
2 3 2 3 2 0         G
2 3 2 3 2 2         G
2 3 2 3 2 3         G
2 3 2 3 3 1         G
2 3 2 3 3 2         G
2 3 2 3 3 3         G
2 3 3 1 0 1         G
2 3 3 1 1 0         G
2 3 3 1 1 1         G
2 3 3 1 1 3         G
2 3 3 1 3 1         G
2 3 3 1 3 2         G
2 3 3 1 3 3         G
2 3 3 2 0 0         G
2 3 3 2 0 2         G
2 3 3 2 2 0         G
2 3 3 2 2 2         G
2 3 3 2 2 3         G
2 3 3 2 3 1         G
2 3 3 2 3 2         G
2 3 3 2 3 3         G
2 3 3 3 1 0         G
2 3 3 3 1 1         G
2 3 3 3 1 3         G
2 3 3 3 2 0         G
2 3 3 3 2 2         G
2 3 3 3 2 3         G
2 3 3 3 3 1         G
2 3 3 3 3 2         G
2 3 3 3 3 3         G
3 1 0 0 0 0         H
3 1 0 0 0 1         H
3 1 0 0 0 2         H
3 1 0 0 1 0         H
3 1 0 0 1 1         H
3 1 0 0 1 3         H
3 1 0 0 2 0         H
3 1 0 0 2 2         H
3 1 0 1 0 0         H
3 1 0 1 0 1         H
3 1 0 1 0 2         H
3 1 0 1 1 0         H
3 1 0 1 1 1         H
3 1 0 1 1 3         H
3 1 0 1 3 1         H
3 1 0 1 3 3         H
3 1 1 0 0 0         H
3 1 1 0 0 1         H
3 1 1 0 0 2         H
3 1 1 0 1 0         H
3 1 1 0 1 1         H
3 1 1 0 1 3         H
3 1 1 0 2 0         H
3 1 1 1 0 0         H
3 1 1 1 0 1         H
3 1 1 1 0 2         H
3 1 1 1 1 0         H
3 1 1 1 1 1         H
3 1 1 1 1 3         H
3 1 1 1 3 1         H
3 1 1 1 3 2         H
3 1 1 1 3 3         H
3 1 1 3 1 0         H
3 1 1 3 1 1         H
3 1 1 3 1 3         H
3 1 1 3 2 2         H
3 1 1 3 2 3         H
3 1 1 3 3 1         H
3 1 1 3 3 2         H
3 1 1 3 3 3         H
3 1 3 1 0 0         H
3 1 3 1 0 1         H
3 1 3 1 1 0         H
3 1 3 1 1 1         H
3 1 3 1 1 3         H
3 1 3 1 3 1         H
3 1 3 1 3 2         H
3 1 3 1 3 3         H
3 1 3 2 2 0         H
3 1 3 2 2 2         H
3 1 3 2 2 3         H
3 1 3 2 3 1         H
3 1 3 2 3 2         H
3 1 3 2 3 3         H
3 1 3 3 1 0         H
3 1 3 3 1 1         H
3 1 3 3 1 3         H
3 1 3 3 2 0         H
3 1 3 3 2 2         H
3 1 3 3 2 3         H
3 1 3 3 3 1         H
3 1 3 3 3 2         H
3 1 3 3 3 3         H
3 2 0 0 0 0         H
3 2 0 0 0 1         H
3 2 0 0 0 2         H
3 2 0 0 1 0         H
3 2 0 0 1 1         H
3 2 0 0 2 0         H
3 2 0 0 2 2         H
3 2 0 0 2 3         H
3 2 0 2 0 0         H
3 2 0 2 0 1         H
3 2 0 2 0 2         H
3 2 0 2 2 0         H
3 2 0 2 2 2         H
3 2 0 2 2 3         H
3 2 0 2 3 2         H
3 2 0 2 3 3         H
3 2 2 0 0 0         H
3 2 2 0 0 1         H
3 2 2 0 0 2         H
3 2 2 0 1 0         H
3 2 2 0 2 0         H
3 2 2 0 2 2         H
3 2 2 0 2 3         H
3 2 2 2 0 0         H
3 2 2 2 0 1         H
3 2 2 2 0 2         H
3 2 2 2 2 0         H
3 2 2 2 2 2         H
3 2 2 2 2 3         H
3 2 2 2 3 1         H
3 2 2 2 3 2         H
3 2 2 2 3 3         H
3 2 2 3 1 1         H
3 2 2 3 1 3         H
3 2 2 3 2 0         H
3 2 2 3 2 2         H
3 2 2 3 2 3         H
3 2 2 3 3 1         H
3 2 2 3 3 2         H
3 2 2 3 3 3         H
3 2 3 1 1 0         H
3 2 3 1 1 1         H
3 2 3 1 1 3         H
3 2 3 1 3 1         H
3 2 3 1 3 2         H
3 2 3 1 3 3         H
3 2 3 2 0 0         H
3 2 3 2 0 2         H
3 2 3 2 2 0         H
3 2 3 2 2 2         H
3 2 3 2 2 3         H
3 2 3 2 3 1         H
3 2 3 2 3 2         H
3 2 3 2 3 3         H
3 2 3 3 1 0         H
3 2 3 3 1 1         H
3 2 3 3 1 3         H
3 2 3 3 2 0         H
3 2 3 3 2 2         H
3 2 3 3 2 3         H
3 2 3 3 3 1         H
3 2 3 3 3 2         H
3 2 3 3 3 3         H
3 3 1 0 0 0         H
3 3 1 0 0 1         H
3 3 1 0 1 0         H
3 3 1 0 1 1         H
3 3 1 0 1 3         H
3 3 1 1 0 0         H
3 3 1 1 0 1         H
3 3 1 1 0 2         H
3 3 1 1 1 0         H
3 3 1 1 1 1         H
3 3 1 1 1 3         H
3 3 1 1 3 1         H
3 3 1 1 3 2         H
3 3 1 1 3 3         H
3 3 1 3 1 0         H
3 3 1 3 1 1         H
3 3 1 3 1 3         H
3 3 1 3 2 2         H
3 3 1 3 2 3         H
3 3 1 3 3 1         H
3 3 1 3 3 2         H
3 3 1 3 3 3         H
3 3 2 0 0 0         H
3 3 2 0 0 2         H
3 3 2 0 2 0         H
3 3 2 0 2 2         H
3 3 2 0 2 3         H
3 3 2 2 0 0         H
3 3 2 2 0 1         H
3 3 2 2 0 2         H
3 3 2 2 2 0         H
3 3 2 2 2 2         H
3 3 2 2 2 3         H
3 3 2 2 3 1         H
3 3 2 2 3 2         H
3 3 2 2 3 3         H
3 3 2 3 1 1         H
3 3 2 3 1 3         H
3 3 2 3 2 0         H
3 3 2 3 2 2         H
3 3 2 3 2 3         H
3 3 2 3 3 1         H
3 3 2 3 3 2         H
3 3 2 3 3 3         H
3 3 3 1 0 0         H
3 3 3 1 0 1         H
3 3 3 1 1 0         H
3 3 3 1 1 1         H
3 3 3 1 1 3         H
3 3 3 1 3 1         H
3 3 3 1 3 2         H
3 3 3 1 3 3         H
3 3 3 2 0 0         H
3 3 3 2 0 2         H
3 3 3 2 2 0         H
3 3 3 2 2 2         H
3 3 3 2 2 3         H
3 3 3 2 3 1         H
3 3 3 2 3 2         H
3 3 3 2 3 3         H
3 3 3 3 1 0         H
3 3 3 3 1 1         H
3 3 3 3 1 3         H
3 3 3 3 2 0         H
3 3 3 3 2 2         H
3 3 3 3 2 3         H
3 3 3 3 3 1         H
3 3 3 3 3 2         H
3 3 3 3 3 3         H
