40	0.0422	-9.7057852	Min
40	0.5686	-6.6134016	Max
40	3.1658	-8.1416841	Min
40	0.001	-5.1550058	Max
40	9.9998	-2.4240023	Max
37	0.0422	-9.6269232	Min
37	0.5686	-6.5347807	Max
37	3.1678	-8.0645253	Min
37	0.001	-5.0761257	Max
37	9.9998	-2.3532113	Max
50	0.0422	-10.002351	Min
50	0.5686	-6.9096336	Max
50	3.1632	-8.4359084	Min
50	0.001	-5.4515966	Max
50	9.9998	-2.7097372	Max
32	0.0422	-9.5308215	Min
32	0.5684	-6.4394917	Max
32	3.1744	-7.9742212	Min
32	0.001	-4.9799631	Max
32	9.9998	-2.285465	Max
30	0.0422	-9.5141845	Min
30	0.5682	-6.4234644	Max
30	3.1794	-7.9619786	Min
30	0.001	-4.9632803	Max
30	9.9998	-2.2909746	Max
28	0.0422	-9.5173936	Min
28	0.568	-6.42759	Max
28	3.187	-7.9718494	Min
28	0.001	-4.9664208	Max
28	9.9998	-2.3284881	Max
25	0.0422	-9.5759432	Min
25	0.5674	-6.4885176	Max
25	3.2076	-8.0479367	Min
25	0.001	-5.0247923	Max
25	9.9998	-2.4798672	Max
22	0.0422	-9.7320784	Min
22	0.5664	-6.6493409	Max
22	3.2496	-8.2394694	Min
22	0.001	-5.1805766	Max
22	9.9998	-2.8270461	Max
20	0.0424	-9.9173472	Min
20	0.5652	-6.8401448	Max
20	3.3012	-8.4676449	Min
20	0.001	-5.3654302	Max
20	9.9998	-3.2410826	Max
19	0.0424	-10.042878	Min
19	0.5644	-6.9695835	Max
19	3.3388	-8.6240933	Min
19	0.001	-5.4906664	Max
19	9.9998	-3.5265645	Max
18	0.0424	-10.195305	Min
18	0.5634	-7.126944	Max
18	3.3874	-8.8162182	Min
18	0.001	-5.6427202	Max
18	9.9998	-3.8770914	Max
17	0.0424	-10.379144	Min
17	0.562	-7.3169926	Max
17	3.45	-9.050997	Min
17	0.001	-5.8260878	Max
17	9.9998	-4.3028814	Max
16	0.0424	-10.599651	Min
16	0.5604	-7.545277	Max
16	3.5304	-9.3367261	Min
16	0.001	-6.046003	Max
16	9.9998	-4.8142443	Max
15	0.0424	-10.862909	Min
15	0.5584	-7.8182042	Max
15	3.633	-9.6831494	Min
15	0.001	-6.3085215	Max
15	9.9998	-5.4212255	Max
14	0.0424	-11.175887	Min
14	0.556	-8.1430854	Max
14	3.7628	-10.101507	Min
14	0.001	-6.6205825	Max
14	9.9998	-6.1332122	Max
13	0.0424	-11.546459	Min
13	0.553	-8.5281277	Max
13	3.9248	-10.604444	Min
13	0.001	-6.9900302	Max
13	9.9998	-6.6171031	Max
12	0.0424	-11.98335	Min
12	0.5496	-8.9823415	Max
12	4.1234	-11.205687	Min
12	0.001	-7.4255618	Max
12	9.9998	-6.5483395	Max
11.5	0.0426	-12.229589	Min
11.5	0.5476	-9.2383724	Max
11.5	4.2374	-11.547586	Min
11.5	0.001	-7.6710231	Max
11.5	9.9998	-6.5117715	Max
11	0.0426	-12.495975	Min
11	0.5454	-9.5153211	Max
11	4.361	-11.919273	Min
11	0.001	-7.9365639	Max
11	9.9998	-6.4735726	Max
10.5	0.0426	-12.783734	Min
10.5	0.5432	-9.8144114	Max
10.5	4.2638	-12.316347	Min
10.5	0.001	-8.2234098	Max
10.5	9.9998	-6.4335903	Max
10	0.0426	-13.094078	Min
10	0.541	-10.136837	Max
10	3.264	-12.537543	Min
10	0.001	-8.5327727	Max
10	9.9998	-6.3916495	Max
9.5	0.0426	-13.428173	Min
9.5	0.5386	-10.483727	Max
9.5	2.9296	-12.512582	Min
9.5	0.001	-8.8658206	Max
9.5	9.9998	-6.3475482	Max
9	0.0426	-13.787097	Min
9	0.536	-10.856094	Max
9	2.93	-12.465607	Min
9	0.001	-9.2236352	Max
9	9.9998	-6.3010517	Max
8.5	0.0428	-14.17178	Min
8.5	0.5808	-11.120323	Max
8.5	2.9304	-12.415799	Min
8.5	0.001	-9.607152	Max
8.5	9.9998	-6.2518852	Max
8	0.0422	-14.218242	Min
8	0.5808	-11.066614	Max
8	2.931	-12.362767	Min
8	0.001	-9.6722211	Max
8	9.9998	-6.1997242	Max
7.5	0.0422	-14.160132	Min
7.5	0.5808	-11.008816	Max
7.5	2.932	-12.306025	Min
7.5	0.001	-9.6140861	Max
7.5	9.9998	-6.1441818	Max
7	0.0422	-14.096844	Min
7	0.5806	-10.946057	Max
7	2.9336	-12.244961	Min
7	0.001	-9.5507556	Max
7	9.9998	-6.0847915	Max
6.5	0.0422	-14.026937	Min
6.5	0.5804	-10.877083	Max
6.5	2.9358	-12.17879	Min
6.5	0.001	-9.480772	Max
6.5	9.9998	-6.0209842	Max
6	0.0422	-13.948128	Min
6	0.5802	-10.799994	Max
6	2.9394	-12.106482	Min
6	0.001	-9.4018195	Max
6	9.9998	-5.9520553	Max
5.5	0.0422	-13.856548	Min
5.5	0.5794	-10.711741	Max
5.5	2.9452	-12.026667	Min
5.5	0.001	-9.3099542	Max
5.5	9.9998	-5.8771182	Max
5	0.0422	-13.745096	Min
5	0.5782	-10.607108	Max
5	2.9548	-11.937493	Min
5	0.001	-9.1979007	Max
5	9.9998	-5.7950349	Max
