40	0.0422	-9.7057852	Min
40	3.1658	-8.1416841	Min
37	0.0422	-9.6269232	Min
37	3.1678	-8.0645253	Min
50	0.0422	-10.002351	Min
50	3.1632	-8.4359084	Min
32	0.0422	-9.5308215	Min
32	3.1744	-7.9742212	Min
30	0.0422	-9.5141845	Min
30	3.1794	-7.9619786	Min
28	0.0422	-9.5173936	Min
28	3.187	-7.9718494	Min
25	0.0422	-9.5759432	Min
25	3.2076	-8.0479367	Min
22	0.0422	-9.7320784	Min
22	3.2496	-8.2394694	Min
20	0.0424	-9.9173472	Min
20	3.3012	-8.4676449	Min
19	0.0424	-10.042878	Min
19	3.3388	-8.6240933	Min
18	0.0424	-10.195305	Min
18	3.3874	-8.8162182	Min
17	0.0424	-10.379144	Min
17	3.45	-9.050997	Min
16	0.0424	-10.599651	Min
16	3.5304	-9.3367261	Min
15	0.0424	-10.862909	Min
15	3.633	-9.6831494	Min
14	0.0424	-11.175887	Min
14	3.7628	-10.101507	Min
13	0.0424	-11.546459	Min
13	3.9248	-10.604444	Min
12	0.0424	-11.98335	Min
12	4.1234	-11.205687	Min
11.5	0.0426	-12.229589	Min
11.5	4.2374	-11.547586	Min
11	0.0426	-12.495975	Min
11	4.361	-11.919273	Min
10.5	0.0426	-12.783734	Min
10.5	4.2638	-12.316347	Min
10	0.0426	-13.094078	Min
10	3.264	-12.537543	Min
9.5	0.0426	-13.428173	Min
9.5	2.9296	-12.512582	Min
9	0.0426	-13.787097	Min
9	2.93	-12.465607	Min
8.5	0.0428	-14.17178	Min
8.5	2.9304	-12.415799	Min
8	0.0422	-14.218242	Min
8	2.931	-12.362767	Min
7.5	0.0422	-14.160132	Min
7.5	2.932	-12.306025	Min
7	0.0422	-14.096844	Min
7	2.9336	-12.244961	Min
6.5	0.0422	-14.026937	Min
6.5	2.9358	-12.17879	Min
6	0.0422	-13.948128	Min
6	2.9394	-12.106482	Min
5.5	0.0422	-13.856548	Min
5.5	2.9452	-12.026667	Min
5	0.0422	-13.745096	Min
5	2.9548	-11.937493	Min
