40	0.1672	-12.546852	Min
40	3.0746	-11.267679	Min
20	0.1672	-10.883305	Min
20	3.0746	-9.6041439	Min
19	0.1672	-10.760212	Min
19	3.0746	-9.4810705	Min
18	0.1672	-10.63048	Min
18	3.0746	-9.3513909	Min
17	0.1672	-10.493379	Min
17	3.0748	-9.2144287	Min
16	0.1672	-10.348091	Min
16	3.0754	-9.0695102	Min
15	0.1672	-10.193766	Min
15	3.0768	-8.9161639	Min
14	0.1672	-10.029703	Min
14	3.0804	-8.7547194	Min
13	0.1672	-9.8559225	Min
13	3.091	-8.5881736	Min
12	0.1672	-9.6748845	Min
12	3.1268	-8.429304	Min
11.5	0.1674	-9.5842584	Min
11.5	3.1812	-8.3672646	Min
11	0.1674	-9.4971401	Min
11	3.3636	-8.3500048	Min
11	5.2638	-8.218102	Min
10.5	0.1678	-9.4197411	Min
10.5	4.2638	-8.8340329	Min
10	0.1682	-9.3658332	Min
10	3.264	-9.0917574	Min
9.5	0.1696	-9.3705999	Min
9.5	2.8416	-9.0225957	Min
9	0.1744	-9.543016	Min
9	1.264	-8.678902	Min
9	2.8436	-8.9154051	Min
8.5	0.1954	-10.276094	Min
8.5	2.8458	-8.8053605	Min
8	0.1648	-10.286212	Min
8	2.848	-8.6921462	Min
7.5	0.1648	-10.167152	Min
7.5	2.8504	-8.5753594	Min
7	0.1648	-10.043799	Min
7	2.8528	-8.4544791	Min
6.5	0.1648	-9.91529	Min
6.5	2.8554	-8.3288211	Min
6	0.1648	-9.780347	Min
6	2.8582	-8.1974752	Min
5.5	0.165	-9.636981	Min
5.5	2.8616	-8.0592136	Min
5	0.165	-9.4818753	Min
5	2.8662	-7.9123589	Min
