40	1.2646	-10.853824	Max
40	0.001	-3.0864945	Max
40	9.9998	-3.2117235	Max
20	1.2646	-9.1902797	Max
20	0.001	-1.4229473	Max
20	9.9998	-1.5484431	Max
19	1.2646	-9.0671917	Max
19	0.001	-1.2998538	Max
19	9.9998	-1.4257853	Max
18	1.2646	-8.9374731	Max
18	0.001	-1.1701202	Max
18	9.9998	-1.297198	Max
17	1.2646	-8.8004073	Max
17	0.001	-1.0330146	Max
17	9.9998	-1.1631353	Max
16	1.2646	-8.6552145	Max
16	0.001	-0.88771592	Max
16	9.9998	-1.0262152	Max
15	1.2644	-8.5011405	Max
15	0.001	-0.73336085	Max
15	9.9998	-0.89791817	Max
14	1.2638	-8.3377454	Max
14	0.001	-0.5692181	Max
14	9.9998	-0.85611099	Max
13	1.2624	-8.1657651	Max
13	0.001	-0.39522521	Max
13	9.9998	-1.1868264	Max
12	1.2586	-7.9897877	Max
12	0.001	-0.21359878	Max
12	9.9998	-1.0123128	Max
11.5	1.254	-7.9047906	Max
11.5	0.001	-0.12233513	Max
11.5	9.9998	-0.92251737	Max
11	1.2456	-7.8281845	Max
11	4.9352	-8.175195	Max
11	0.001	-0.034068007	Max
11	9.9998	-0.83089263	Max
10.5	1.2276	-7.7722082	Max
10.5	0.001	0.045550599	Max
10.5	9.9998	-0.7373121	Max
10	1.1864	-7.7676173	Max
10	0.001	0.10424532	Max
10	9.9998	-0.64162437	Max
9.5	1.089	-7.9012996	Max
9.5	0.001	0.11164717	Max
9.5	9.9998	-0.54364675	Max
9	0.896	-8.416428	Max
9	1.3562	-8.673641	Max
9	0.001	-0.022250085	Max
9	9.9998	-0.44315704	Max
8.5	1.3556	-8.5623899	Max
8.5	0.001	-0.60904889	Max
8.5	9.9998	-0.33988283	Max
8	1.3548	-8.4479318	Max
8	0.001	-0.84918192	Max
8	9.9998	-0.2334876	Max
7.5	1.3542	-8.3298484	Max
7.5	0.001	-0.72999154	Max
7.5	9.9998	-0.12355219	Max
7	1.3532	-8.2075843	Max
7	0.001	-0.60648929	Max
7	9.9998	-0.0095499421	Max
6.5	1.3524	-8.080384	Max
6.5	0.001	-0.47779209	Max
6.5	9.9998	0.10918724	Max
6	1.3512	-7.9471959	Max
6	0.001	-0.3425784	Max
6	9.9998	0.23351633	Max
5.5	1.3496	-7.8065164	Max
5.5	0.001	-0.19876165	Max
5.5	9.9998	0.36455089	Max
5	1.3468	-7.6561286	Max
5	0.001	-0.04278124	Max
5	9.9998	0.50376076	Max
