40	0.0422	-9.5863605	Min
40	0.5686	-6.4935151	Max
40	3.1622	-8.0190236	Min
40	0.001	-5.0356159	Max
40	9.9998	-2.2896927	Max
37	0.0422	-9.4529695	Min
37	0.5686	-6.3601241	Max
37	3.1622	-7.8856331	Min
37	0.001	-4.9022248	Max
37	9.9998	-2.1563057	Max
50	0.0422	-9.9681588	Min
50	0.5686	-6.8753134	Max
50	3.1622	-8.4008217	Min
50	0.001	-5.4174142	Max
50	9.9998	-2.6714899	Max
32	0.0422	-9.2045793	Min
32	0.5686	-6.111735	Max
32	3.1622	-7.637251	Min
32	0.001	-4.6538347	Max
32	9.9998	-1.9079714	Max
30	0.0422	-9.0941843	Min
30	0.5686	-6.0013418	Max
30	3.1622	-7.5268705	Min
30	0.001	-4.5434394	Max
30	9.9998	-1.7976777	Max
28	0.0422	-8.9762195	Min
28	0.5686	-5.8833821	Max
28	3.1624	-7.4089449	Min
28	0.001	-4.4254743	Max
28	9.9998	-1.6799813	Max
25	0.0422	-8.7827624	Min
25	0.5686	-5.689952	Max
25	3.1626	-7.2156971	Min
25	0.001	-4.2320152	Max
25	9.9998	-1.4879465	Max
22	0.0422	-8.5660275	Min
22	0.5686	-5.4733343	Max
22	3.1638	-6.9998675	Min
22	0.001	-4.0152716	Max
22	9.9998	-1.2773866	Max
20	0.0422	-8.4073145	Min
20	0.5686	-5.3148749	Max
20	3.1662	-6.8431196	Min
20	0.001	-3.8565399	Max
20	9.9998	-1.1327255	Max
19	0.0422	-8.3240154	Min
19	0.5686	-5.2318349	Max
19	3.1688	-6.7618455	Min
19	0.001	-3.7732217	Max
19	9.9998	-1.0651658	Max
18	0.0422	-8.2388673	Min
18	0.5684	-5.1471179	Max
18	3.173	-6.6801119	Min
18	0.001	-3.6880418	Max
18	9.9998	-1.0100554	Max
17	0.0422	-8.1532547	Min
17	0.5682	-5.0622365	Max
17	3.1808	-6.6004272	Min
17	0.001	-3.6023755	Max
17	9.9998	-0.98917994	Max
16	0.0422	-8.0698374	Min
16	0.568	-4.980099	Max
16	3.1956	-6.5278174	Min
16	0.001	-3.5188645	Max
16	9.9998	-1.0752191	Max
15	0.0422	-7.9936773	Min
15	0.5674	-4.9062961	Max
15	3.2272	-6.4730067	Min
15	0.001	-3.4425331	Max
15	9.9998	-1.5554996	Max
14	0.0422	-7.9346524	Min
14	0.5664	-4.8519616	Max
14	3.3078	-6.4620235	Min
14	0.001	-3.3831711	Max
14	9.9998	-3.2514996	Max
13	0.0424	-7.9132372	Min
13	0.564	-4.8409431	Max
13	3.6064	-6.5769939	Min
13	7.4738	-5.9470323	Max
13	9.2638	-6.4420242	Min
13	0.001	-3.3610179	Max
13	9.9998	-5.3231431	Max
12	0.0424	-7.9761723	Min
12	0.558	-4.9301544	Max
12	7.2638	-8.894071	Min
12	0.001	-3.4221102	Max
12	9.9998	-5.2541472	Max
11.5	0.0424	-8.0711153	Min
11.5	0.552	-5.0524781	Max
11.5	6.2638	-9.8217264	Min
11.5	0.001	-3.5151374	Max
11.5	9.9998	-5.2175024	Max
11	0.0426	-8.2428061	Min
11	0.542	-5.2703701	Max
11	5.264	-10.53716	Min
11	0.001	-3.683548	Max
11	9.9998	-5.1792543	Max
10.5	0.0428	-8.5375391	Min
10.5	0.5266	-5.6406707	Max
10.5	4.264	-11.022263	Min
10.5	0.001	-3.9727064	Max
10.5	9.9998	-5.1392514	Max
10	0.043	-9.0243819	Min
10	0.5056	-6.241554	Max
10	3.264	-11.243904	Min
10	0.001	-4.4505378	Max
10	9.9998	-5.0973202	Max
9.5	0.0434	-9.791584	Min
9.5	0.4802	-7.1618475	Max
9.5	2.929	-11.21942	Min
9.5	0.001	-5.2044743	Max
9.5	9.9998	-5.0532608	Max
9	0.044	-10.932875	Min
9	0.4526	-8.488319	Max
9	2.929	-11.173011	Min
9	0.001	-6.3280567	Max
9	9.9998	-5.0068407	Max
8.5	0.0448	-12.542684	Min
8.5	0.581	-9.8299052	Max
8.5	2.929	-11.123965	Min
8.5	0.001	-7.9153652	Max
8.5	9.9998	-4.9577878	Max
8	0.0422	-12.93007	Min
8	0.581	-9.7778919	Max
8	2.929	-11.07196	Min
8	0.001	-8.3840922	Max
8	9.9998	-4.9057806	Max
7.5	0.0422	-12.874701	Min
7.5	0.581	-9.7225276	Max
7.5	2.929	-11.01661	Min
7.5	0.001	-8.3287231	Max
7.5	9.9998	-4.8504356	Max
7	0.0422	-12.815509	Min
7	0.581	-9.6633431	Max
7	2.929	-10.95745	Min
7	0.001	-8.26953	Max
7	9.9998	-4.7912897	Max
6.5	0.0422	-12.751913	Min
6.5	0.581	-9.5997618	Max
6.5	2.929	-10.893911	Min
6.5	0.001	-8.2059328	Max
6.5	9.9998	-4.7277771	Max
6	0.0422	-12.683183	Min
6	0.581	-9.5310612	Max
6	2.929	-10.825286	Min
6	0.001	-8.1372004	Max
6	9.9998	-4.6591962	Max
5.5	0.0422	-12.608368	Min
5.5	0.581	-9.4563118	Max
5.5	2.9292	-10.750683	Min
5.5	0.001	-8.0623793	Max
5.5	9.9998	-4.5846619	Max
5	0.0422	-12.526145	Min
5	0.5808	-9.3742652	Max
5	2.9294	-10.668949	Min
5	0.001	-7.9801399	Max
5	9.9998	-4.5030359	Max
