40	0.0422	-9.5863605	Min
40	3.1622	-8.0190236	Min
37	0.0422	-9.4529695	Min
37	3.1622	-7.8856331	Min
50	0.0422	-9.9681588	Min
50	3.1622	-8.4008217	Min
32	0.0422	-9.2045793	Min
32	3.1622	-7.637251	Min
30	0.0422	-9.0941843	Min
30	3.1622	-7.5268705	Min
28	0.0422	-8.9762195	Min
28	3.1624	-7.4089449	Min
25	0.0422	-8.7827624	Min
25	3.1626	-7.2156971	Min
22	0.0422	-8.5660275	Min
22	3.1638	-6.9998675	Min
20	0.0422	-8.4073145	Min
20	3.1662	-6.8431196	Min
19	0.0422	-8.3240154	Min
19	3.1688	-6.7618455	Min
18	0.0422	-8.2388673	Min
18	3.173	-6.6801119	Min
17	0.0422	-8.1532547	Min
17	3.1808	-6.6004272	Min
16	0.0422	-8.0698374	Min
16	3.1956	-6.5278174	Min
15	0.0422	-7.9936773	Min
15	3.2272	-6.4730067	Min
14	0.0422	-7.9346524	Min
14	3.3078	-6.4620235	Min
13	0.0424	-7.9132372	Min
13	3.6064	-6.5769939	Min
13	9.2638	-6.4420242	Min
12	0.0424	-7.9761723	Min
12	7.2638	-8.894071	Min
11.5	0.0424	-8.0711153	Min
11.5	6.2638	-9.8217264	Min
11	0.0426	-8.2428061	Min
11	5.264	-10.53716	Min
10.5	0.0428	-8.5375391	Min
10.5	4.264	-11.022263	Min
10	0.043	-9.0243819	Min
10	3.264	-11.243904	Min
9.5	0.0434	-9.791584	Min
9.5	2.929	-11.21942	Min
9	0.044	-10.932875	Min
9	2.929	-11.173011	Min
8.5	0.0448	-12.542684	Min
8.5	2.929	-11.123965	Min
8	0.0422	-12.93007	Min
8	2.929	-11.07196	Min
7.5	0.0422	-12.874701	Min
7.5	2.929	-11.01661	Min
7	0.0422	-12.815509	Min
7	2.929	-10.95745	Min
6.5	0.0422	-12.751913	Min
6.5	2.929	-10.893911	Min
6	0.0422	-12.683183	Min
6	2.929	-10.825286	Min
5.5	0.0422	-12.608368	Min
5.5	2.9292	-10.750683	Min
5	0.0422	-12.526145	Min
5	2.9294	-10.668949	Min
