40	0.5686	-6.4935151	Max
40	0.001	-5.0356159	Max
40	9.9998	-2.2896927	Max
37	0.5686	-6.3601241	Max
37	0.001	-4.9022248	Max
37	9.9998	-2.1563057	Max
50	0.5686	-6.8753134	Max
50	0.001	-5.4174142	Max
50	9.9998	-2.6714899	Max
32	0.5686	-6.111735	Max
32	0.001	-4.6538347	Max
32	9.9998	-1.9079714	Max
30	0.5686	-6.0013418	Max
30	0.001	-4.5434394	Max
30	9.9998	-1.7976777	Max
28	0.5686	-5.8833821	Max
28	0.001	-4.4254743	Max
28	9.9998	-1.6799813	Max
25	0.5686	-5.689952	Max
25	0.001	-4.2320152	Max
25	9.9998	-1.4879465	Max
22	0.5686	-5.4733343	Max
22	0.001	-4.0152716	Max
22	9.9998	-1.2773866	Max
20	0.5686	-5.3148749	Max
20	0.001	-3.8565399	Max
20	9.9998	-1.1327255	Max
19	0.5686	-5.2318349	Max
19	0.001	-3.7732217	Max
19	9.9998	-1.0651658	Max
18	0.5684	-5.1471179	Max
18	0.001	-3.6880418	Max
18	9.9998	-1.0100554	Max
17	0.5682	-5.0622365	Max
17	0.001	-3.6023755	Max
17	9.9998	-0.98917994	Max
16	0.568	-4.980099	Max
16	0.001	-3.5188645	Max
16	9.9998	-1.0752191	Max
15	0.5674	-4.9062961	Max
15	0.001	-3.4425331	Max
15	9.9998	-1.5554996	Max
14	0.5664	-4.8519616	Max
14	0.001	-3.3831711	Max
14	9.9998	-3.2514996	Max
13	0.564	-4.8409431	Max
13	7.4738	-5.9470323	Max
13	0.001	-3.3610179	Max
13	9.9998	-5.3231431	Max
12	0.558	-4.9301544	Max
12	0.001	-3.4221102	Max
12	9.9998	-5.2541472	Max
11.5	0.552	-5.0524781	Max
11.5	0.001	-3.5151374	Max
11.5	9.9998	-5.2175024	Max
11	0.542	-5.2703701	Max
11	0.001	-3.683548	Max
11	9.9998	-5.1792543	Max
10.5	0.5266	-5.6406707	Max
10.5	0.001	-3.9727064	Max
10.5	9.9998	-5.1392514	Max
10	0.5056	-6.241554	Max
10	0.001	-4.4505378	Max
10	9.9998	-5.0973202	Max
9.5	0.4802	-7.1618475	Max
9.5	0.001	-5.2044743	Max
9.5	9.9998	-5.0532608	Max
9	0.4526	-8.488319	Max
9	0.001	-6.3280567	Max
9	9.9998	-5.0068407	Max
8.5	0.581	-9.8299052	Max
8.5	0.001	-7.9153652	Max
8.5	9.9998	-4.9577878	Max
8	0.581	-9.7778919	Max
8	0.001	-8.3840922	Max
8	9.9998	-4.9057806	Max
7.5	0.581	-9.7225276	Max
7.5	0.001	-8.3287231	Max
7.5	9.9998	-4.8504356	Max
7	0.581	-9.6633431	Max
7	0.001	-8.26953	Max
7	9.9998	-4.7912897	Max
6.5	0.581	-9.5997618	Max
6.5	0.001	-8.2059328	Max
6.5	9.9998	-4.7277771	Max
6	0.581	-9.5310612	Max
6	0.001	-8.1372004	Max
6	9.9998	-4.6591962	Max
5.5	0.581	-9.4563118	Max
5.5	0.001	-8.0623793	Max
5.5	9.9998	-4.5846619	Max
5	0.5808	-9.3742652	Max
5	0.001	-7.9801399	Max
5	9.9998	-4.5030359	Max
