40	0.0422	-9.5863605	Min
37	0.0422	-9.4529695	Min
50	0.0422	-9.9681588	Min
32	0.0422	-9.2045793	Min
30	0.0422	-9.0941843	Min
28	0.0422	-8.9762195	Min
25	0.0422	-8.7827624	Min
22	0.0422	-8.5660275	Min
20	0.0422	-8.4073145	Min
19	0.0422	-8.3240154	Min
18	0.0422	-8.2388673	Min
17	0.0422	-8.1532547	Min
16	0.0422	-8.0698374	Min
15	0.0422	-7.9936773	Min
14	0.0422	-7.9346524	Min
13	0.0424	-7.9132372	Min
12	0.0424	-7.9761723	Min
11.5	0.0424	-8.0711153	Min
11	0.0426	-8.2428061	Min
10.5	0.0428	-8.5375391	Min
10	0.043	-9.0243819	Min
9.5	0.0434	-9.791584	Min
9	0.044	-10.932875	Min
8.5	0.0448	-12.542684	Min
8	0.0422	-12.93007	Min
7.5	0.0422	-12.874701	Min
7	0.0422	-12.815509	Min
6.5	0.0422	-12.751913	Min
6	0.0422	-12.683183	Min
5.5	0.0422	-12.608368	Min
5	0.0422	-12.526145	Min
