40	0.1672	-12.558775	Min
40	1.2646	-10.866008	Max
40	3.0754	-11.280381	Min
40	0.001	-3.0983814	Max
40	9.9998	-3.2275558	Max
20	0.1674	-11.552053	Min
20	1.2502	-9.8803783	Max
20	3.1456	-10.340531	Min
20	0.001	-2.0887739	Max
20	9.9998	-2.6499085	Max
19	0.1676	-11.584441	Min
19	1.245	-9.9203924	Max
19	3.1736	-10.398593	Min
19	0.001	-2.1201234	Max
19	9.9998	-2.871438	Max
18	0.1678	-11.648683	Min
18	1.2378	-9.9955485	Max
18	3.2154	-10.500749	Min
18	0.001	-2.182875	Max
18	9.9998	-3.2207656	Max
17	0.168	-11.754724	Min
17	1.2274	-10.117347	Max
17	3.2788	-10.663845	Min
17	0.001	-2.2867534	Max
17	9.9998	-3.7516512	Max
16	0.1684	-11.915856	Min
16	1.2126	-10.301314	Max
16	3.3774	-10.912401	Min
16	0.001	-2.4447146	Max
16	9.9998	-4.5281658	Max
15	0.1688	-12.14992	Min
15	1.192	-10.568372	Max
15	3.5326	-11.282679	Min
15	0.001	-2.6741083	Max
15	9.9998	-5.6168723	Max
14	0.1696	-12.48085	Min
14	1.164	-10.946372	Max
14	3.78	-11.828788	Min
14	0.001	-2.9981627	Max
14	9.9998	-7.0813059	Max
13	0.1706	-12.940407	Min
13	1.1272	-11.47142	Max
13	4.1796	-12.631443	Min
13	0.001	-3.4476864	Max
13	9.9998	-8.1956416	Max
12	0.1722	-13.569714	Min
12	1.0814	-12.188415	Max
12	4.832	-13.810542	Min
12	0.001	-4.0626322	Max
12	9.9998	-8.0992125	Max
11.5	0.1734	-13.963627	Min
11.5	1.0556	-12.635166	Max
11.5	5.3086	-14.59514	Min
11.5	0.001	-4.447345	Max
11.5	9.9998	-8.0479522	Max
11	0.1746	-14.419918	Min
11	1.0278	-13.150291	Max
11	5.2638	-15.510502	Min
11	0.001	-4.8928849	Max
11	9.9998	-7.9944203	Max
10.5	0.176	-14.94642	Min
10.5	0.9984	-13.741376	Max
10.5	4.2638	-16.192603	Min
10.5	0.001	-5.4069434	Max
10.5	9.9998	-7.9384044	Max
10	0.1776	-15.551428	Min
10	0.9678	-14.416297	Max
10	3.264	-16.516012	Min
10	0.001	-5.9976894	Max
10	9.9998	-7.8796612	Max
9.5	0.1796	-16.243642	Min
9.5	0.9362	-15.183211	Max
9.5	2.7828	-16.499618	Min
9.5	0.001	-6.6737072	Max
9.5	9.9998	-7.81791	Max
9	0.1818	-17.032127	Min
9	0.9036	-16.050561	Max
9	1.264	-16.231851	Min
9	1.375	-16.224503	Max
9	2.783	-16.434315	Min
9	0.001	-7.4439498	Max
9	9.9998	-7.7528247	Max
8.5	0.1844	-17.926293	Min
8.5	1.375	-16.155308	Max
8.5	2.7832	-16.365226	Min
8.5	0.001	-8.3177092	Max
8.5	9.9998	-7.6840231	Max
8	0.1644	-17.944895	Min
8	1.3748	-16.081796	Max
8	2.7834	-16.291872	Min
8	0.001	-8.5109977	Max
8	9.9998	-7.6110538	Max
7.5	0.1644	-17.866177	Min
7.5	1.3748	-16.00335	Max
7.5	2.7838	-16.213671	Min
7.5	0.001	-8.4322384	Max
7.5	9.9998	-7.5333783	Max
7	0.1644	-17.781555	Min
7	1.3744	-15.919193	Max
7	2.7844	-16.129908	Min
7	0.001	-8.3475433	Max
7	9.9998	-7.4503464	Max
6.5	0.1646	-17.689834	Min
6.5	1.3738	-15.828313	Max
6.5	2.7854	-16.039686	Min
6.5	0.001	-8.2556836	Max
6.5	9.9998	-7.3611641	Max
6	0.1646	-17.589236	Min
6	1.3728	-15.729333	Max
6	2.787	-15.941852	Min
6	0.001	-8.1548054	Max
6	9.9998	-7.2648469	Max
5.5	0.1646	-17.476847	Min
5.5	1.371	-15.620277	Max
5.5	2.7896	-15.834896	Min
5.5	0.001	-8.0418006	Max
5.5	9.9998	-7.1601534	Max
5	0.1648	-17.347258	Min
5	1.367	-15.498104	Max
5	2.7944	-15.716772	Min
5	0.001	-7.9107218	Max
5	9.9998	-7.045488	Max
