40	0.1672	-12.558775	Min
40	3.0754	-11.280381	Min
20	0.1674	-11.552053	Min
20	3.1456	-10.340531	Min
19	0.1676	-11.584441	Min
19	3.1736	-10.398593	Min
18	0.1678	-11.648683	Min
18	3.2154	-10.500749	Min
17	0.168	-11.754724	Min
17	3.2788	-10.663845	Min
16	0.1684	-11.915856	Min
16	3.3774	-10.912401	Min
15	0.1688	-12.14992	Min
15	3.5326	-11.282679	Min
14	0.1696	-12.48085	Min
14	3.78	-11.828788	Min
13	0.1706	-12.940407	Min
13	4.1796	-12.631443	Min
12	0.1722	-13.569714	Min
12	4.832	-13.810542	Min
11.5	0.1734	-13.963627	Min
11.5	5.3086	-14.59514	Min
11	0.1746	-14.419918	Min
11	5.2638	-15.510502	Min
10.5	0.176	-14.94642	Min
10.5	4.2638	-16.192603	Min
10	0.1776	-15.551428	Min
10	3.264	-16.516012	Min
9.5	0.1796	-16.243642	Min
9.5	2.7828	-16.499618	Min
9	0.1818	-17.032127	Min
9	1.264	-16.231851	Min
9	2.783	-16.434315	Min
8.5	0.1844	-17.926293	Min
8.5	2.7832	-16.365226	Min
8	0.1644	-17.944895	Min
8	2.7834	-16.291872	Min
7.5	0.1644	-17.866177	Min
7.5	2.7838	-16.213671	Min
7	0.1644	-17.781555	Min
7	2.7844	-16.129908	Min
6.5	0.1646	-17.689834	Min
6.5	2.7854	-16.039686	Min
6	0.1646	-17.589236	Min
6	2.787	-15.941852	Min
5.5	0.1646	-17.476847	Min
5.5	2.7896	-15.834896	Min
5	0.1648	-17.347258	Min
5	2.7944	-15.716772	Min
