40	1.2646	-10.866008	Max
40	0.001	-3.0983814	Max
40	9.9998	-3.2275558	Max
20	1.2502	-9.8803783	Max
20	0.001	-2.0887739	Max
20	9.9998	-2.6499085	Max
19	1.245	-9.9203924	Max
19	0.001	-2.1201234	Max
19	9.9998	-2.871438	Max
18	1.2378	-9.9955485	Max
18	0.001	-2.182875	Max
18	9.9998	-3.2207656	Max
17	1.2274	-10.117347	Max
17	0.001	-2.2867534	Max
17	9.9998	-3.7516512	Max
16	1.2126	-10.301314	Max
16	0.001	-2.4447146	Max
16	9.9998	-4.5281658	Max
15	1.192	-10.568372	Max
15	0.001	-2.6741083	Max
15	9.9998	-5.6168723	Max
14	1.164	-10.946372	Max
14	0.001	-2.9981627	Max
14	9.9998	-7.0813059	Max
13	1.1272	-11.47142	Max
13	0.001	-3.4476864	Max
13	9.9998	-8.1956416	Max
12	1.0814	-12.188415	Max
12	0.001	-4.0626322	Max
12	9.9998	-8.0992125	Max
11.5	1.0556	-12.635166	Max
11.5	0.001	-4.447345	Max
11.5	9.9998	-8.0479522	Max
11	1.0278	-13.150291	Max
11	0.001	-4.8928849	Max
11	9.9998	-7.9944203	Max
10.5	0.9984	-13.741376	Max
10.5	0.001	-5.4069434	Max
10.5	9.9998	-7.9384044	Max
10	0.9678	-14.416297	Max
10	0.001	-5.9976894	Max
10	9.9998	-7.8796612	Max
9.5	0.9362	-15.183211	Max
9.5	0.001	-6.6737072	Max
9.5	9.9998	-7.81791	Max
9	0.9036	-16.050561	Max
9	1.375	-16.224503	Max
9	0.001	-7.4439498	Max
9	9.9998	-7.7528247	Max
8.5	1.375	-16.155308	Max
8.5	0.001	-8.3177092	Max
8.5	9.9998	-7.6840231	Max
8	1.3748	-16.081796	Max
8	0.001	-8.5109977	Max
8	9.9998	-7.6110538	Max
7.5	1.3748	-16.00335	Max
7.5	0.001	-8.4322384	Max
7.5	9.9998	-7.5333783	Max
7	1.3744	-15.919193	Max
7	0.001	-8.3475433	Max
7	9.9998	-7.4503464	Max
6.5	1.3738	-15.828313	Max
6.5	0.001	-8.2556836	Max
6.5	9.9998	-7.3611641	Max
6	1.3728	-15.729333	Max
6	0.001	-8.1548054	Max
6	9.9998	-7.2648469	Max
5.5	1.371	-15.620277	Max
5.5	0.001	-8.0418006	Max
5.5	9.9998	-7.1601534	Max
5	1.367	-15.498104	Max
5	0.001	-7.9107218	Max
5	9.9998	-7.045488	Max
