40	0.1672	-12.546852	Min
40	1.2646	-10.853824	Max
40	3.0746	-11.267679	Min
40	0.001	-3.0864948	Max
40	9.9998	-3.2117251	Max
20	0.1672	-10.890311	Min
20	1.264	-9.1981959	Max
20	3.0778	-9.6140477	Min
20	0.001	-1.4298322	Max
20	9.9998	-1.5764946	Max
19	0.1672	-10.771715	Min
19	1.2636	-9.0801768	Max
19	3.0798	-9.4972998	Min
19	0.001	-1.3111586	Max
19	9.9998	-1.4723149	Max
18	0.1672	-10.649371	Min
18	1.263	-8.9587852	Max
18	3.0832	-9.3780275	Min
18	0.001	-1.1886876	Max
18	9.9998	-1.3759908	Max
17	0.1672	-10.524428	Min
17	1.2618	-8.8354355	Max
17	3.089	-9.2582914	Min
17	0.001	-1.0635332	Max
17	9.9998	-1.3021748	Max
16	0.1672	-10.399214	Min
16	1.26	-8.712952	Max
16	3.0996	-9.1422137	Min
16	0.001	-0.93795967	Max
16	9.9998	-1.2929475	Max
15	0.1674	-10.278234	Min
15	1.2564	-8.5968411	Max
15	3.1202	-9.0382166	Min
15	0.001	-0.81634488	Max
15	9.9998	-1.4999013	Max
14	0.1674	-10.17019	Min
14	1.2498	-8.4980432	Max
14	3.1654	-8.9648782	Min
14	0.001	-0.70711674	Max
14	9.9998	-2.5209436	Max
13	0.1678	-10.092511	Min
13	1.236	-8.4395887	Max
13	3.288	-8.9701297	Min
13	0.001	-0.62702812	Max
13	9.9998	-4.1574516	Max
12	0.1684	-10.082769	Min
12	1.2042	-8.4747015	Max
12	3.8578	-9.2326106	Min
12	6.2598	-9.0034124	Max
12	7.2638	-9.1554456	Min
12	0.001	-0.61177112	Max
12	9.9998	-4.0548423	Max
11.5	0.169	-10.127672	Min
11.5	1.174	-8.5636969	Max
11.5	6.2638	-10.452205	Min
11.5	0.001	-0.65123584	Max
11.5	9.9998	-4.0006782	Max
11	0.17	-10.231355	Min
11	1.1282	-8.7392015	Max
11	5.2638	-11.451641	Min
11	0.001	-0.74579674	Max
11	9.9998	-3.9443678	Max
10.5	0.1718	-10.429157	Min
10.5	1.0616	-9.0523789	Max
10.5	4.264	-12.129646	Min
10.5	0.001	-0.92786395	Max
10.5	9.9998	-3.8856993	Max
10	0.175	-10.779372	Min
10	0.9738	-9.5781877	Max
10	3.264	-12.449242	Min
10	0.001	-1.2507041	Max
10	9.9998	-3.8244302	Max
9.5	0.1806	-11.37252	Min
9.5	0.8696	-10.412611	Max
9.5	2.786	-12.429893	Min
9.5	0.001	-1.7974661	Max
9.5	9.9998	-3.7602802	Max
9	0.1904	-12.331266	Min
9	0.7568	-11.659204	Max
9	1.264	-12.15823	Min
9	1.3742	-12.150995	Max
9	2.786	-12.36238	Min
9	0.001	-2.68282	Max
9	9.9998	-3.6929237	Max
8.5	0.207	-13.793183	Min
8.5	1.374	-12.07977	Max
8.5	2.7862	-12.291229	Min
8.5	0.001	-4.0379436	Max
8.5	9.9998	-3.6219789	Max
8	0.1644	-13.866452	Min
8	1.374	-12.004407	Max
8	2.7864	-12.215972	Min
8	0.001	-4.4324282	Max
8	9.9998	-3.5469949	Max
7.5	0.1644	-13.786212	Min
7.5	1.3738	-11.924327	Max
7.5	2.7866	-12.136046	Min
7.5	0.001	-4.3521637	Max
7.5	9.9998	-3.4674331	Max
7	0.1644	-13.700456	Min
7	1.3738	-11.838822	Max
7	2.787	-12.05077	Min
7	0.001	-4.2663707	Max
7	9.9998	-3.382644	Max
6.5	0.1646	-13.608236	Min
6.5	1.3734	-11.747007	Max
6.5	2.7876	-11.959301	Min
6.5	0.001	-4.1740868	Max
6.5	9.9998	-3.2918336	Max
6	0.1646	-13.508285	Min
6	1.373	-11.647751	Max
6	2.7884	-11.860591	Min
6	0.001	-4.0740206	Max
6	9.9998	-3.1940177	Max
5.5	0.1646	-13.398803	Min
5.5	1.3722	-11.539561	Max
5.5	2.7896	-11.753298	Min
5.5	0.001	-3.9643095	Max
5.5	9.9998	-3.0879553	Max
5	0.1646	-13.276938	Min
5	1.3708	-11.420371	Max
5	2.7916	-11.635675	Min
5	0.001	-3.8419167	Max
5	9.9998	-2.9720508	Max
