40	0.1672	-12.546852	Min
40	3.0746	-11.267679	Min
20	0.1672	-10.890311	Min
20	3.0778	-9.6140477	Min
19	0.1672	-10.771715	Min
19	3.0798	-9.4972998	Min
18	0.1672	-10.649371	Min
18	3.0832	-9.3780275	Min
17	0.1672	-10.524428	Min
17	3.089	-9.2582914	Min
16	0.1672	-10.399214	Min
16	3.0996	-9.1422137	Min
15	0.1674	-10.278234	Min
15	3.1202	-9.0382166	Min
14	0.1674	-10.17019	Min
14	3.1654	-8.9648782	Min
13	0.1678	-10.092511	Min
13	3.288	-8.9701297	Min
12	0.1684	-10.082769	Min
12	3.8578	-9.2326106	Min
12	7.2638	-9.1554456	Min
11.5	0.169	-10.127672	Min
11.5	6.2638	-10.452205	Min
11	0.17	-10.231355	Min
11	5.2638	-11.451641	Min
10.5	0.1718	-10.429157	Min
10.5	4.264	-12.129646	Min
10	0.175	-10.779372	Min
10	3.264	-12.449242	Min
9.5	0.1806	-11.37252	Min
9.5	2.786	-12.429893	Min
9	0.1904	-12.331266	Min
9	1.264	-12.15823	Min
9	2.786	-12.36238	Min
8.5	0.207	-13.793183	Min
8.5	2.7862	-12.291229	Min
8	0.1644	-13.866452	Min
8	2.7864	-12.215972	Min
7.5	0.1644	-13.786212	Min
7.5	2.7866	-12.136046	Min
7	0.1644	-13.700456	Min
7	2.787	-12.05077	Min
6.5	0.1646	-13.608236	Min
6.5	2.7876	-11.959301	Min
6	0.1646	-13.508285	Min
6	2.7884	-11.860591	Min
5.5	0.1646	-13.398803	Min
5.5	2.7896	-11.753298	Min
5	0.1646	-13.276938	Min
5	2.7916	-11.635675	Min
