
10    1.0658880977484392893	  0.50792157628330647512
12    1.0075339155738836094	  0.45456258393185855482
14    0.96374420147463779607	0.41522326889667243721
16    0.92953079765390411726	0.38493193768687100631
18    0.90196517819005450622	0.36084295632207380455
20    0.87922260994871292983	0.3412068106132497558
22    0.86010106446279810388	0.32488449093946969448
24    0.84377516963946119777	0.3111007235646945368
11    1.0339410210304365023	  0.47831699276536376875
13    0.98384771677867755013	0.4330649581642727064
15    0.94539566590661761047	0.39884754522017928924
17    0.91484332082702657374	0.37201586039010720031
19    0.88991059823069484924	0.35038213093838715961
21    0.86913009499753424159	0.33255565999437636249
23    0.85151390678162086623	0.31760882474328555602
