1.2037889360613773793	-0.93616908388169639554
1.2037889360613773793	0.93616908388169639554
1.2045613231469589621	-2.3105207108763639035
1.2045613231469589621	2.3105207108763639035
1.2566796504205484108	-1.8048202094322591815
1.2566796504205484108	1.8048202094322591815
1.0075339155738836094	-0.45456258393185855482
1.0075339155738836094	0.45456258393185855482
1.1697462763666823804	2.858779096159493438
1.1697462763666823804	-2.858779096159493438
1.2852705426798793908	-1.3704114614642826098
1.2852705426798793908	1.3704114614642826098
