1.256890434533222578	1.6761819549290584153
1.256890434533222578	-1.6761819549290584153
1.1746154738489937852	0.88384777059854569004
1.1746154738489937852	-0.88384777059854569004
1.203651699139413056	2.1250694814525914467
1.203651699139413056	-2.1250694814525914467
0.98384771677867755013	-0.4330649581642727064
0.98384771677867755013	0.4330649581642727064
1.1616638942864949691	2.6209983940701278016
1.1616638942864949691	-2.6209983940701278016
1.2657759566102582127	-1.2895936294478747008
1.2657759566102582127	1.2895936294478747008
