1.1483820501009438519	-0.83661920105282683302
1.1483820501009438519	0.83661920105282683302
1.1595042496881453609	-2.4200011596766231037
1.1595042496881453609	2.4200011596766231037
1.2552572922889724261	-1.5713600221305361604
1.2552572922889724261	1.5713600221305361604
1.2071784456612091319	-1.9699175036080176504
1.2071784456612091319	1.9699175036080176504
0.96374420147463779607	-0.41522326889667243721
0.96374420147463779607	0.41522326889667243721
1.1308650714192396425	2.8964253585272752289
1.1308650714192396425	-2.8964253585272752289
1.2464125901167200094	-1.221689236535313583
1.2464125901167200094	1.221689236535313583
