1.2520568009401660259	-1.4850492095702938489
1.2520568009401660259	1.4850492095702938489
1.225127543261067764	1.1616569475899658492
1.225127543261067764	-1.1616569475899658492
1.211422487416331073	1.8399623817683736782
1.211422487416331073	-1.8399623817683736782
1.1254807587917996514	2.685769974217729672
1.1254807587917996514	-2.685769974217729672
0.94539566590661761047	0.39884754522017928924
0.94539566590661761047	-0.39884754522017928924
1.1611099880771820203	-2.2481095042769556613
1.1611099880771820203	2.2481095042769556613
1.1248130124667949925	-0.79626939351458247973
1.1248130124667949925	0.79626939351458247973
