1.216825604522919102	1.73039617235751364
1.216825604522919102	-1.73039617235751364
1.1033740200508439511	-0.75937524490193619719
1.1033740200508439511	0.75937524490193619719
1.1250898449511577137	-2.5034299470479211003
1.1250898449511577137	2.5034299470479211003
1.2053350089400862721	-1.1087632424997206915
1.2053350089400862721	1.1087632424997206915
1.2453509982997397199	1.4127711949389714086
1.2453509982997397199	-1.4127711949389714086
1.1008005523453670005	2.9254332339855610989
1.1008005523453670005	-2.9254332339855610989
0.92953079765390411726	-0.38493193768687100631
0.92953079765390411726	0.38493193768687100631
1.1655864973526612882	-2.1006845235327640253
1.1655864973526612882	2.1006845235327640253
