1.1274253930028166337	2.3446205696209267977
1.1274253930028166337	-2.3446205696209267977
1.0840494171084875674	0.72722526904654483104
1.0840494171084875674	-0.72722526904654483104
1.185252245462237175	1.0608345205384579479
1.185252245462237175	-1.0608345205384579479
1.2209550808920632825	-1.6383174218089877616
1.2209550808920632825	1.6383174218089877616
1.1716881774393632654	-1.9733404109997516596
1.1716881774393632654	1.9733404109997516596
1.2364216199846735922	-1.3506494087880136501
1.2364216199846735922	1.3506494087880136501
0.91484332082702657374	-0.37201586039010720031
0.91484332082702657374	0.37201586039010720031
1.0973065894281401889	2.7360843067980771259
1.0973065894281401889	-2.7360843067980771259
