1.1671164685946473494	-1.01766337461599643
1.1671164685946473494	1.01766337461599643
1.1789660304755058551	1.8635643392873977309
1.1789660304755058551	-1.8635643392873977309
1.1322443757296249967	-2.2053686772942544536
1.1322443757296249967	2.2053686772942544536
1.2247981285522688832	1.2962605167629630554
1.2247981285522688832	-1.2962605167629630554
1.0977828525058426212	2.5696689911988728205
1.0977828525058426212	-2.5696689911988728205
1.0662600689106698226	-0.69755371150545819603
1.0662600689106698226	0.69755371150545819603
0.90196517819005450622	-0.36084295632207380455
0.90196517819005450622	0.36084295632207380455
1.0768722520126310371	2.948095749765605067
1.0768722520126310371	-2.948095749765605067
1.2239299849545604015	-1.560064108817355466
1.2239299849545604015	1.560064108817355466
