1.2243372441361441982	-1.4936359998194472798
1.2243372441361441982	1.4936359998194472798
1.1492592672732504511	-0.978149532064529037
1.1492592672732504511	0.978149532064529037
1.1385647720033806873	2.0829724994108320679
1.1385647720033806873	-2.0829724994108320679
1.1862606665280666096	1.7684339385931306943
1.1862606665280666096	-1.7684339385931306943
1.0745626455597721005	-2.7763068722341572858
1.0745626455597721005	2.7763068722341572858
0.88991059823069484924	-0.35038213093838715961
0.88991059823069484924	0.35038213093838715961
1.1005157174608768411	2.4223391115904151505
1.1005157174608768411	-2.4223391115904151505
1.0501356423490353365	-0.67130609819919340175
1.0501356423490353365	0.67130609819919340175
1.2120823312304942476	-1.2472892401551378683
1.2120823312304942476	1.2472892401551378683
