1.1982064758709267682	-1.2028880624575004621
1.1982064758709267682	1.2028880624575004621
1.1053298459182698821	-2.2913044080188509355
1.1053298459182698821	2.2913044080188509355
1.0351322829225262367	0.64689976936951110176
1.0351322829225262367	-0.64689976936951110176
1.1933384099686499269	1.6863324815901148401
1.1933384099686499269	-1.6863324815901148401
1.2224819919678469038	1.435939094314350406
1.2224819919678469038	-1.435939094314350406
1.1461008514135697656	1.9750909173029658206
1.1461008514135697656	-1.9750909173029658206
1.0573584589049671578	2.9664395490216284301
1.0573584589049671578	-2.9664395490216284301
0.87922260994871292983	-0.3412068106132497558
0.87922260994871292983	0.3412068106132497558
1.0755590135663801732	-2.6233207535367006891
1.0755590135663801732	2.6233207535367006891
1.1332346484179769419	-0.94211269293080246445
1.1332346484179769419	0.94211269293080246445
