1.1843760470427531217	-1.1618106993752108647
1.1843760470427531217	1.1618106993752108647
1.0558347098556228882	-2.8091798307236857113
1.0558347098556228882	2.8091798307236857113
1.0214528252057328839	-0.62504792468909853298
1.0214528252057328839	0.62504792468909853298
1.199135723700143652	1.6150448746894041641
1.199135723700143652	-1.6150448746894041641
1.111416883220488927	2.1743374177131311598
1.111416883220488927	-2.1743374177131311598
1.1176204603844510643	-0.90892853423281805281
1.1176204603844510643	0.90892853423281805281
1.1542018483133289486	1.8799498718653888663
1.1542018483133289486	-1.8799498718653888663
1.2179506953332148722	-1.3855993125687258161
1.2179506953332148722	1.3855993125687258161
1.0784863588284183678	2.4862706107255685417
1.0784863588284183678	-2.4862706107255685417
0.86913009499753424159	-0.33255565999437636249
0.86913009499753424159	0.33255565999437636249
