1.1035791250162054755	-0.87838948074812683853
1.1035791250162054755	0.87838948074812683853
1.1187496436648332043	2.0697237704783493228
1.1187496436648332043	-2.0697237704783493228
1.2114089340688354302	1.340265069617924798
1.2114089340688354302	-1.340265069617924798
1.1624933799072492135	1.7960180119985837965
1.1624933799072492135	-1.7960180119985837965
1.0411152854839422766	-2.981567292344625475
1.0411152854839422766	2.981567292344625475
1.0086059090481167555	-0.60460124758427991054
1.0086059090481167555	0.60460124758427991054
1.0831122192668753978	2.3629357412889278045
1.0831122192668753978	-2.3629357412889278045
1.1703948695427308646	-1.1239613133685348867
1.1703948695427308646	1.1239613133685348867
0.86010106446279810388	0.32488449093946969448
0.86010106446279810388	-0.32488449093946969448
1.0571568423787869317	2.6676867281724572223
1.0571568423787869317	-2.6676867281724572223
1.2036174106199970524	-1.5532868759986051543
1.2036174106199970524	1.5532868759986051543
