0.99682843514760477444	-0.58611290262543547236
0.99682843514760477444	0.58611290262543547236
1.126688220628515813	1.9760468802680837275
1.126688220628515813	-1.9760468802680837275
1.2030652253450819789	1.2993183933295373578
1.2030652253450819789	-1.2993183933295373578
1.088897628876554613	2.2515547392089096945
1.088897628876554613	-2.2515547392089096945
1.0899354714376965347	0.85013496175775971064
1.0899354714376965347	-0.85013496175775971064
1.0601238358187590194	2.5397097442168767856
1.0601238358187590194	-2.5397097442168767856
1.1569887275898065315	-1.0885371046927476701
1.1569887275898065315	1.0885371046927476701
1.170500096364250453	-1.721958606650393131
1.170500096364250453	1.721958606650393131
0.85151390678162086623	0.31760882474328555602
0.85151390678162086623	-0.31760882474328555602
1.0401472178476411923	2.8365679854034566709
1.0401472178476411923	-2.8365679854034566709
1.2059579742824715343	-1.4992022449072561763
1.2059579742824715343	1.4992022449072561763
