1.0776041712624071511	-0.82393831395177574706
1.0776041712624071511	0.82393831395177574706
1.0645374715694089218	-2.4234467117267910474
1.0645374715694089218	2.4234467117267910474
1.2064280820544828199	-1.4516498335887095816
1.2064280820544828199	1.4516498335887095816
1.0957777413909557396	-2.1507945774733867594
1.0957777413909557396	2.1507945774733867594
1.1438690640368409657	1.0556738363890199039
1.1438690640368409657	-1.0556738363890199039
0.98567965798941559186	-0.56872089594088537368
0.98567965798941559186	0.56872089594088537368
1.0273708458467407656	-2.9942619522816711353
1.0273708458467407656	2.9942619522816711353
1.1778123043369204126	1.6566617166456338861
1.1778123043369204126	-1.6566617166456338861
1.135172762774654176	1.8921036369748911454
1.135172762774654176	-1.8921036369748911454
0.84377516963946119777	-0.3111007235646945368
0.84377516963946119777	0.3111007235646945368
1.0416584325178672721	2.7049973741333710464
1.0416584325178672721	-2.7049973741333710464
1.1936194523698355763	-1.2612381107185781648
1.1936194523698355763	1.2612381107185781648
