8	3.30036         1.148108743342866056
9	3.28736         1.1022522737563469342
10	3.2752        1.0658880977484392893
11	3.26262       1.0339410210304365023
12	3.25063       1.0075339155738836094
13	3.23832       0.98384771677867755013
14	3.22645       0.96374420147463779607
15	3.21431       0.94539566590661761047
16	3.20254       0.92953079765390411726
17	3.1905        0.91484332082702657374
18	3.17877       0.90196517819005450622
19	3.1668        0.88991059823069484924
20	3.15509       0.87922260994871292983
21	3.14315       0.86913009499753424159
22	3.13142       0.86010106446279810388
23	3.11948       0.85151390678162086623
24	3.10772       0.84377516963946119777
