0	0
1.68781790513	-2.73364415058
1.68781790513	2.73364415058
-0.938253344561	3.1126762282
-0.938253344561	-3.1126762282
-1.83933138282	-2.49861201977
-1.83933138282	2.49861201977
0.922683686039	3.2760225528
0.922683686039	-3.2760225528
-2.52049258968	1.62240550756
-2.52049258968	-1.62240550756
2.22605215784	-1.86568806889
2.22605215784	1.86568806889
2.30573025938	-0.870103151214
2.30573025938	0.870103151214
-2.88070117189	0.564469178032
-2.88070117189	-0.564469178032
0.0364944805548	-3.4003296867
0.0364944805548	3.4003296867
