0	0
-2.89645913139	0
0.262232151743	-3.39178871749
0.262232151743	3.39178871749
1.76272898679	-2.61767139022
1.76272898679	2.61767139022
-1.53015434803	2.72163274321
-1.53015434803	-2.72163274321
-0.643020866305	3.21106246736
-0.643020866305	-3.21106246736
-2.73548035356	-1.04618337964
-2.73548035356	1.04618337964
2.28697063173	-0.835799954337
2.28697063173	0.835799954337
-2.26119309426	1.98023554314
-2.26119309426	-1.98023554314
2.23787272843	-1.77772641916
2.23787272843	1.77772641916
1.06827372916	-3.18615495928
1.06827372916	3.18615495928
