0	0
1.19198828188	-3.09238912223
1.19198828188	3.09238912223
-1.99264051337	-2.2696069539
-1.99264051337	2.2696069539
2.24662860936	1.69693250436
2.24662860936	-1.69693250436
-0.380199517712	3.27608531014
-0.380199517712	-3.27608531014
0.456535177023	3.36477487411
0.456535177023	-3.36477487411
-1.23750471771	2.89228030885
-1.23750471771	-2.89228030885
-2.8347112348	0.501648960368
-2.8347112348	-0.501648960368
2.27014953319	-0.806119377657
2.27014953319	0.806119377657
-2.54663930899	-1.45227067008
-2.54663930899	1.45227067008
1.82639369112	-2.51188615748
1.82639369112	2.51188615748
