0	0
-2.84661683307	0
1.29987156675	-2.99906405081
1.29987156675	2.99906405081
-2.71702370072	-0.937979088841
-2.71702370072	0.937979088841
2.25215051752	-1.62505568019
2.25215051752	1.62505568019
-0.146735542364	3.3140017169
-0.146735542364	-3.3140017169
-1.7246269139	2.50182359538
-1.7246269139	-2.50182359538
1.87915595005	-2.41195082878
1.87915595005	2.41195082878
-0.964933834313	3.02113527358
-0.964933834313	-3.02113527358
0.622440488922	-3.32245109861
0.622440488922	3.32245109861
-2.33116300603	1.79181651093
-2.33116300603	-1.79181651093
2.25417289062	-0.778552711468
2.25417289062	0.778552711468
