0	0
1.9247108437	-2.32063283325
1.9247108437	2.32063283325
-1.46465123659	2.68787413516
-1.46465123659	-2.68787413516
0.767334027948	3.26937178113
0.767334027948	-3.26937178113
-0.714162187106	3.11713282586
-0.714162187106	-3.11713282586
-2.79618560161	-0.451319686406
-2.79618560161	0.451319686406
2.25573820659	-1.55851888982
2.25573820659	1.55851888982
-2.10272608477	2.0745654868
-2.10272608477	-2.0745654868
1.39281625066	-2.90680256658
1.39281625066	2.90680256658
2.23976444283	0.75439552871
2.23976444283	-0.75439552871
-2.56097977767	1.31349953456
-2.56097977767	-1.31349953456
0.0583411160261	-3.33163812463
0.0583411160261	3.33163812463
