0	0
-2.80537761512	0
2.2574215815	-1.49879368083
2.2574215815	1.49879368083
-1.21642437219	2.83551344707
-1.21642437219	-2.83551344707
0.89304090734	3.20833896596
0.89304090734	-3.20833896596
-1.86989378811	2.30874882554
-1.86989378811	-2.30874882554
1.96254252321	2.23463453346
1.96254252321	-2.23463453346
-2.37944649186	1.63445266743
-2.37944649186	-1.63445266743
1.47498508397	-2.81762205145
1.47498508397	2.81762205145
-0.48543374608	-3.18684468912
-0.48543374608	3.18684468912
2.22599655288	0.731769053339
2.22599655288	-0.731769053339
-2.69901638265	0.849786225383
-2.69901638265	-0.849786225383
0.238916939534	-3.33140096455
0.238916939534	3.33140096455
