0	0
1.99564118303	-2.15571431114
1.99564118303	2.15571431114
-2.18339988348	-1.90783938771
-2.18339988348	1.90783938771
0.397189998437	-3.31783771865
0.397189998437	3.31783771865
-1.63941383234	-2.50228791035
-1.63941383234	2.50228791035
1.54634705105	2.73156326596
1.54634705105	-2.73156326596
2.2578329726	-1.44312875347
2.2578329726	1.44312875347
-2.76344526459	-0.410111974474
-2.76344526459	0.410111974474
-0.278484952403	3.2352989438
-0.278484952403	-3.2352989438
-0.982700878576	2.95246420054
-0.982700878576	-2.95246420054
2.21351553722	-0.7117373322
2.21351553722	0.7117373322
-2.56808236088	1.19833873541
-2.56808236088	-1.19833873541
1.00500042993	-3.1421929356
1.00500042993	3.1421929356
