40	0.0422	-9.5863602	Min
40	0.5686	-6.4935148	Max
40	3.1622	-8.0190231	Min
40	0.001	-5.0356156	Max
40	9.9998	-2.2896912	Max
20	0.0422	-8.4003955	Min
20	0.5686	-5.3075521	Max
20	3.1622	-6.8330792	Min
20	0.001	-3.8496508	Max
20	9.9998	-1.104167	Max
18	0.0422	-8.2201873	Min
18	0.5686	-5.1273562	Max
18	3.1624	-6.6529987	Min
18	0.001	-3.6694417	Max
18	9.9998	-0.92660928	Max
16	0.0422	-8.0191205	Min
16	0.5686	-4.9263773	Max
16	3.164	-6.4528361	Min
16	0.001	-3.4683687	Max
16	9.9998	-0.74698225	Max
15	0.0422	-7.9095949	Min
15	0.5686	-4.8170223	Max
15	3.1668	-6.345074	Min
15	0.001	-3.3588311	Max
15	9.9998	-0.70650875	Max
14	0.0422	-7.7939686	Min
14	0.5686	-4.7018552	Max
14	3.175	-6.2343127	Min
14	0.001	-3.2431726	Max
14	9.9998	-1.4015721	Max
13.5	0.0422	-7.7342186	Min
13.5	0.5684	-4.6425795	Max
13.5	3.1842	-6.1798095	Min
13.5	9.0468	-2.8370058	Max
13.5	0.001	-3.1833895	Max
13.5	9.9998	-3.7277225	Min
13	0.0422	-7.6737352	Min
13	0.5682	-4.5828949	Max
13	3.2022	-6.1287478	Min
13	7.8906	-4.0775799	Max
13	9.264	-5.8344483	Min
13	0.001	-3.1228505	Max
13	9.9998	-4.7159635	Max
12.5	0.0422	-7.6134409	Min
12.5	0.5678	-4.523979	Max
12.5	3.2418	-6.0867253	Min
12.5	6.6876	-5.0798299	Max
12.5	8.264	-7.1567697	Min
12.5	0.001	-3.062461	Max
12.5	9.9998	-4.6816213	Max
12	0.0422	-7.5550941	Min
12	0.5674	-4.4681089	Max
12	3.3588	-6.0697435	Min
12	5.3688	-5.8125814	Max
12	7.264	-8.2850203	Min
12	0.001	-3.0039455	Max
12	9.9998	-4.6459665	Max
11.5	0.0422	-7.5021475	Min
11.5	0.5662	-4.4199128	Max
11.5	6.264	-9.2120718	Min
11.5	0.001	-2.950682	Max
11.5	9.9998	-4.6088795	Max
11	0.0424	-7.4618655	Min
11	0.5636	-4.389721	Max
11	5.264	-9.9269596	Min
11	0.001	-2.9097469	Max
11	9.9998	-4.570225	Max
10.5	0.0424	-7.4514292	Min
10.5	0.5574	-4.4041643	Max
10.5	4.264	-10.411568	Min
10.5	0.001	-2.8977661	Max
10.5	9.9998	-4.5298495	Max
10	0.0426	-7.5189165	Min
10	0.539	-4.5451577	Max
10	3.264	-10.632782	Min
10	0.001	-2.960855	Max
10	9.9998	-4.4875776	Max
9	0.0446	-8.8759466	Min
9	0.412	-6.6615491	Max
9	2.9292	-10.561389	Min
9	0.001	-4.2561776	Max
9	9.9998	-4.3965043	Max
9.5	0.043	-7.82482	Min
9.5	0.4898	-5.0846822	Max
9.5	2.9294	-10.608012	Min
9.5	0.001	-3.2516773	Max
9.5	9.9998	-4.4432072	Max
8.5	0.0478	-11.504667	Min
8.5	0.581	-9.2178866	Max
8.5	2.9292	-10.512155	Min
8.5	0.001	-6.7989912	Max
8.5	9.9998	-4.3471949	Max
8	0.0422	-12.31788	Min
8	0.581	-9.1657335	Max
8	2.9292	-10.459987	Min
8	0.001	-7.7719	Max
8	9.9998	-4.294956	Max
7.5	0.0422	-12.262408	Min
7.5	0.581	-9.1102594	Max
7.5	2.9292	-10.404499	Min
7.5	0.001	-7.7164283	Max
7.5	9.9998	-4.2394024	Max
7	0.0422	-12.203149	Min
7	0.581	-9.0509987	Max
7	2.9292	-10.345228	Min
7	0.001	-7.6571694	Max
7	9.9998	-4.1800696	Max
6.5	0.0422	-12.139533	Min
6.5	0.581	-8.9873825	Max
6.5	2.9292	-10.281604	Min
6.5	0.001	-7.5935535	Max
6.5	9.9998	-4.1163906	Max
6	0.0422	-12.070853	Min
6	0.581	-8.9187042	Max
6	2.9292	-10.212925	Min
6	0.001	-7.5248728	Max
6	9.9998	-4.0476622	Max
5.5	0.0422	-11.996212	Min
5.5	0.581	-8.8440706	Max
5.5	2.9292	-10.138303	Min
5.5	0.001	-7.450231	Max
5.5	9.9998	-3.9729984	Max
5	0.0422	-11.914447	Min
5	0.581	-8.7623273	Max
5	2.9292	-10.056595	Min
5	0.001	-7.3684639	Max
5	9.9998	-3.8912597	Max
