40	0.0422	-9.5863602	Min
40	3.1622	-8.0190231	Min
20	0.0422	-8.4003955	Min
20	3.1622	-6.8330792	Min
18	0.0422	-8.2201873	Min
18	3.1624	-6.6529987	Min
16	0.0422	-8.0191205	Min
16	3.164	-6.4528361	Min
15	0.0422	-7.9095949	Min
15	3.1668	-6.345074	Min
14	0.0422	-7.7939686	Min
14	3.175	-6.2343127	Min
13.5	0.0422	-7.7342186	Min
13.5	3.1842	-6.1798095	Min
13.5	9.9998	-3.7277225	Min
13	0.0422	-7.6737352	Min
13	3.2022	-6.1287478	Min
13	9.264	-5.8344483	Min
12.5	0.0422	-7.6134409	Min
12.5	3.2418	-6.0867253	Min
12.5	8.264	-7.1567697	Min
12	0.0422	-7.5550941	Min
12	3.3588	-6.0697435	Min
12	7.264	-8.2850203	Min
11.5	0.0422	-7.5021475	Min
11.5	6.264	-9.2120718	Min
11	0.0424	-7.4618655	Min
11	5.264	-9.9269596	Min
10.5	0.0424	-7.4514292	Min
10.5	4.264	-10.411568	Min
10	0.0426	-7.5189165	Min
10	3.264	-10.632782	Min
9	0.0446	-8.8759466	Min
9	2.9292	-10.561389	Min
9.5	0.043	-7.82482	Min
9.5	2.9294	-10.608012	Min
8.5	0.0478	-11.504667	Min
8.5	2.9292	-10.512155	Min
8	0.0422	-12.31788	Min
8	2.9292	-10.459987	Min
7.5	0.0422	-12.262408	Min
7.5	2.9292	-10.404499	Min
7	0.0422	-12.203149	Min
7	2.9292	-10.345228	Min
6.5	0.0422	-12.139533	Min
6.5	2.9292	-10.281604	Min
6	0.0422	-12.070853	Min
6	2.9292	-10.212925	Min
5.5	0.0422	-11.996212	Min
5.5	2.9292	-10.138303	Min
5	0.0422	-11.914447	Min
5	2.9292	-10.056595	Min
