40	0.5686	-6.4935148	Max
40	0.001	-5.0356156	Max
40	9.9998	-2.2896912	Max
20	0.5686	-5.3075521	Max
20	0.001	-3.8496508	Max
20	9.9998	-1.104167	Max
18	0.5686	-5.1273562	Max
18	0.001	-3.6694417	Max
18	9.9998	-0.92660928	Max
16	0.5686	-4.9263773	Max
16	0.001	-3.4683687	Max
16	9.9998	-0.74698225	Max
15	0.5686	-4.8170223	Max
15	0.001	-3.3588311	Max
15	9.9998	-0.70650875	Max
14	0.5686	-4.7018552	Max
14	0.001	-3.2431726	Max
14	9.9998	-1.4015721	Max
13.5	0.5684	-4.6425795	Max
13.5	9.0468	-2.8370058	Max
13.5	0.001	-3.1833895	Max
13	0.5682	-4.5828949	Max
13	7.8906	-4.0775799	Max
13	0.001	-3.1228505	Max
13	9.9998	-4.7159635	Max
12.5	0.5678	-4.523979	Max
12.5	6.6876	-5.0798299	Max
12.5	0.001	-3.062461	Max
12.5	9.9998	-4.6816213	Max
12	0.5674	-4.4681089	Max
12	5.3688	-5.8125814	Max
12	0.001	-3.0039455	Max
12	9.9998	-4.6459665	Max
11.5	0.5662	-4.4199128	Max
11.5	0.001	-2.950682	Max
11.5	9.9998	-4.6088795	Max
11	0.5636	-4.389721	Max
11	0.001	-2.9097469	Max
11	9.9998	-4.570225	Max
10.5	0.5574	-4.4041643	Max
10.5	0.001	-2.8977661	Max
10.5	9.9998	-4.5298495	Max
10	0.539	-4.5451577	Max
10	0.001	-2.960855	Max
10	9.9998	-4.4875776	Max
9	0.412	-6.6615491	Max
9	0.001	-4.2561776	Max
9	9.9998	-4.3965043	Max
9.5	0.4898	-5.0846822	Max
9.5	0.001	-3.2516773	Max
9.5	9.9998	-4.4432072	Max
8.5	0.581	-9.2178866	Max
8.5	0.001	-6.7989912	Max
8.5	9.9998	-4.3471949	Max
8	0.581	-9.1657335	Max
8	0.001	-7.7719	Max
8	9.9998	-4.294956	Max
7.5	0.581	-9.1102594	Max
7.5	0.001	-7.7164283	Max
7.5	9.9998	-4.2394024	Max
7	0.581	-9.0509987	Max
7	0.001	-7.6571694	Max
7	9.9998	-4.1800696	Max
6.5	0.581	-8.9873825	Max
6.5	0.001	-7.5935535	Max
6.5	9.9998	-4.1163906	Max
6	0.581	-8.9187042	Max
6	0.001	-7.5248728	Max
6	9.9998	-4.0476622	Max
5.5	0.581	-8.8440706	Max
5.5	0.001	-7.450231	Max
5.5	9.9998	-3.9729984	Max
5	0.581	-8.7623273	Max
5	0.001	-7.3684639	Max
5	9.9998	-3.8912597	Max
