40	0.0422	-9.5863602	Min
20	0.0422	-8.4003955	Min
18	0.0422	-8.2201873	Min
16	0.0422	-8.0191205	Min
15	0.0422	-7.9095949	Min
14	0.0422	-7.7939686	Min
13.5	0.0422	-7.7342186	Min
13	0.0422	-7.6737352	Min
12.5	0.0422	-7.6134409	Min
12	0.0422	-7.5550941	Min
11.5	0.0422	-7.5021475	Min
11	0.0424	-7.4618655	Min
10.5	0.0424	-7.4514292	Min
10	0.0426	-7.5189165	Min
9	0.0446	-8.8759466	Min
9.5	0.043	-7.82482	Min
8.5	0.0478	-11.504667	Min
8	0.0422	-12.31788	Min
7.5	0.0422	-12.262408	Min
7	0.0422	-12.203149	Min
6.5	0.0422	-12.139533	Min
6	0.0422	-12.070853	Min
5.5	0.0422	-11.996212	Min
5	0.0422	-11.914447	Min
