20	0.236	-11.855564	Min
20	3.096	-11.850132	Min
15	0.2362	-11.082331	Min
15	3.127	-11.110936	Min
4	0.2324	-12.509305	Min
4	2.8596	-12.163572	Min
3	0.3314	-11.246306	Min
3	2.9094	-11.694487	Min
10	0.2492	-11.232698	Min
10	3.264	-13.602483	Min
12	0.238	-10.750819	Min
12	3.4814	-11.062944	Min
8	0.2296	-13.726234	Min
8	2.8296	-13.279442	Min
6	0.2296	-13.252283	Min
6	2.8344	-12.814275	Min
11	0.2408	-10.823974	Min
11	5.2638	-12.399313	Min
14	0.2364	-10.934976	Min
14	3.1572	-10.99399	Min
11.5	0.239	-10.762442	Min
11.5	3.9776	-11.324642	Min
11.5	6.2638	-11.179297	Min
11.6	0.2388	-10.756815	Min
11.6	3.8082	-11.248969	Min
11.6	6.4638	-10.890612	Min
11.7	0.2386	-10.752982	Min
11.7	3.6918	-11.188124	Min
11.8	0.2384	-10.750795	Min
11.8	3.6048	-11.138279	Min
11.8	0.2384	-10.750795	Min
11.8	3.6048	-11.138279	Min
11.4	0.2392	-10.770031	Min
11.4	4.291	-11.423222	Min
11.4	6.0638	-11.453364	Min
11.3	0.2396	-10.779764	Min
11.3	5.8638	-11.712622	Min
11.2	0.24	-10.791845	Min
11.2	5.6638	-11.956859	Min
11.1	0.2402	-10.806499	Min
11.1	5.4638	-12.185841	Min
9	0.2816	-12.520056	Min
9	2.8286	-13.473867	Min
9.5	0.2596	-11.709451	Min
9.5	2.8284	-13.564333	Min
10.5	0.2436	-10.964473	Min
10.5	4.2638	-13.222968	Min
8.5	0.2638	-13.810857	Min
8.5	2.829	-13.379106	Min
8.6	0.3226	-13.523272	Min
8.6	2.829	-13.398429	Min
8.7	0.3082	-13.236501	Min
8.7	0.6638	-13.203339	Min
8.7	2.8288	-13.417562	Min
8.4	0.2296	-13.807004	Min
8.4	2.8292	-13.359587	Min
8.8	0.2972	-12.974891	Min
8.8	0.864	-13.047273	Min
8.8	2.8288	-13.436509	Min
8.9	0.2886	-12.736631	Min
8.9	1.064	-13.005195	Min
8.9	2.8288	-13.455276	Min
20	1.0198	-11.105848	Max
20	0.001	0.56682343	Max
20	9.9998	-1.9374224	Max
15	1.015	-10.339833	Max
15	0.001	1.3419968	Max
15	9.9998	-1.5908968	Max
4	1.0858	-11.664326	Max
4	0.001	-0.10908733	Max
4	9.9998	-0.8457858	Max
3	0.9052	-10.994935	Max
3	0.001	2.1334807	Max
3	9.9998	1.6520631	Max
10	0.8386	-10.757789	Max
10	0.001	1.2677721	Max
10	9.9998	-3.0026936	Max
12	0.9852	-10.051542	Max
12	0.001	1.6847816	Max
12	9.9998	-3.3169924	Max
8	1.1118	-12.826589	Max
8	0.001	-1.3486653	Max
8	9.9998	-2.6347261	Max
6	1.1096	-12.356194	Max
6	0.001	-0.87367895	Max
6	9.9998	-2.1782626	Max
11	0.9422	-10.187816	Max
11	0.001	1.6282598	Max
11	9.9998	-3.1651642	Max
14	1.011	-10.198375	Max
14	0.001	1.4909154	Max
14	9.9998	-2.2442067	Max
11.5	0.9686	-10.087416	Max
11.5	5.9414	-11.16475	Max
11.5	0.001	1.6794683	Max
11.5	9.9998	-3.2422771	Max
11.6	0.9726	-10.075999	Max
11.6	6.4088	-10.890113	Max
11.6	0.001	1.683583	Max
11.6	9.9998	-3.2574045	Max
11.7	0.9762	-10.066896	Max
11.7	0.001	1.6860419	Max
11.7	9.9998	-3.2724379	Max
11.8	0.9794	-10.059903	Max
11.8	0.001	1.6869808	Max
11.8	9.9998	-3.2873792	Max
11.8	0.9794	-10.059903	Max
11.8	0.001	1.6869808	Max
11.8	9.9998	-3.2873792	Max
11.4	0.9642	-10.101367	Max
11.4	5.3292	-11.398768	Max
11.4	0.001	1.6735483	Max
11.4	9.9998	-3.2270539	Max
11.3	0.9594	-10.118098	Max
11.3	0.001	1.6656586	Max
11.3	9.9998	-3.2117331	Max
11.2	0.9542	-10.137879	Max
11.2	0.001	1.6556177	Max
11.2	9.9998	-3.1963125	Max
11.1	0.9484	-10.161009	Max
11.1	0.001	1.6432252	Max
11.1	9.9998	-3.1807903	Max
9	0.6374	-12.362437	Max
9	0.001	0.12967061	Max
9	9.9998	-2.8270384	Max
9.5	0.7512	-11.377222	Max
9.5	0.001	0.8454242	Max
9.5	9.9998	-2.9167048	Max
10.5	0.9008	-10.391022	Max
10.5	0.001	1.5052962	Max
10.5	9.9998	-3.0854004	Max
8.5	1.112	-12.926731	Max
8.5	0.001	-1.0259987	Max
8.5	9.9998	-2.7332293	Max
8.6	1.112	-12.946133	Max
8.6	0.001	-0.75184514	Max
8.6	9.9998	-2.7523476	Max
8.7	0.5522	-13.177878	Max
8.7	1.1122	-12.96534	Max
8.7	0.001	-0.50052816	Max
8.7	9.9998	-2.7712832	Max
8.4	1.112	-12.907128	Max
8.4	0.001	-1.3243	Max
8.4	9.9998	-2.7139236	Max
8.8	0.5828	-12.885426	Max
8.8	1.1122	-12.984357	Max
8.8	0.001	-0.27072312	Max
8.8	9.9998	-2.7900407	Max
8.9	0.611	-12.613851	Max
8.9	1.1122	-13.00319	Max
8.9	0.001	-0.061099192	Max
8.9	9.9998	-2.8086243	Max
8.65	0.3148	-13.37662	Min
8.65	0.5358	-13.332115	Max
8.65	0.5638	-13.333625	Min
8.65	1.1122	-12.955761	Max
8.65	2.829	-13.408019	Min
8.65	0.001	-0.62341462	Max
8.65	9.9998	-2.761838	Max
8.64	0.3162	-13.405419	Min
8.64	0.5322	-13.36361	Max
8.64	0.5438	-13.363859	Min
8.64	1.1122	-12.953839	Max
8.64	2.829	-13.406105	Min
8.64	0.001	-0.6486519	Max
8.64	9.9998	-2.7599435	Max
8.63	0.3178	-13.434482	Min
8.63	1.1122	-12.951915	Max
8.63	2.829	-13.404189	Min
8.63	0.001	-0.67411227	Max
8.63	9.9998	-2.7580473	Max
8.62	0.3194	-13.46381	Min
8.62	1.1122	-12.94999	Max
8.62	2.829	-13.402271	Min
8.62	0.001	-0.69979705	Max
8.62	9.9998	-2.7561492	Max
8.61	0.321	-13.493406	Min
8.61	1.112	-12.948062	Max
8.61	2.829	-13.400351	Min
8.61	0.001	-0.72570756	Max
8.61	9.9998	-2.7542493	Max
