20	0.236	-11.855564	Min
20	3.096	-11.850132	Min
15	0.2362	-11.082331	Min
15	3.127	-11.110936	Min
4	0.2324	-12.509305	Min
4	2.8596	-12.163572	Min
3	0.3314	-11.246306	Min
3	2.9094	-11.694487	Min
10	0.2492	-11.232698	Min
10	3.264	-13.602483	Min
12	0.238	-10.750819	Min
12	3.4814	-11.062944	Min
8	0.2296	-13.726234	Min
8	2.8296	-13.279442	Min
6	0.2296	-13.252283	Min
6	2.8344	-12.814275	Min
11	0.2408	-10.823974	Min
11	5.2638	-12.399313	Min
14	0.2364	-10.934976	Min
14	3.1572	-10.99399	Min
11.5	0.239	-10.762442	Min
11.5	3.9776	-11.324642	Min
11.5	6.2638	-11.179297	Min
11.6	0.2388	-10.756815	Min
11.6	3.8082	-11.248969	Min
11.6	6.4638	-10.890612	Min
11.7	0.2386	-10.752982	Min
11.7	3.6918	-11.188124	Min
11.8	0.2384	-10.750795	Min
11.8	3.6048	-11.138279	Min
11.8	0.2384	-10.750795	Min
11.8	3.6048	-11.138279	Min
11.4	0.2392	-10.770031	Min
11.4	4.291	-11.423222	Min
11.4	6.0638	-11.453364	Min
11.3	0.2396	-10.779764	Min
11.3	5.8638	-11.712622	Min
11.2	0.24	-10.791845	Min
11.2	5.6638	-11.956859	Min
11.1	0.2402	-10.806499	Min
11.1	5.4638	-12.185841	Min
9	0.2816	-12.520056	Min
9	2.8286	-13.473867	Min
9.5	0.2596	-11.709451	Min
9.5	2.8284	-13.564333	Min
10.5	0.2436	-10.964473	Min
10.5	4.2638	-13.222968	Min
8.5	0.2638	-13.810857	Min
8.5	2.829	-13.379106	Min
8.6	0.3226	-13.523272	Min
8.6	2.829	-13.398429	Min
8.7	0.3082	-13.236501	Min
8.7	0.6638	-13.203339	Min
8.7	2.8288	-13.417562	Min
8.4	0.2296	-13.807004	Min
8.4	2.8292	-13.359587	Min
8.8	0.2972	-12.974891	Min
8.8	0.864	-13.047273	Min
8.8	2.8288	-13.436509	Min
8.9	0.2886	-12.736631	Min
8.9	1.064	-13.005195	Min
8.9	2.8288	-13.455276	Min
8.65	0.3148	-13.37662	Min
8.65	0.5638	-13.333625	Min
8.65	2.829	-13.408019	Min
8.64	0.3162	-13.405419	Min
8.64	0.5438	-13.363859	Min
8.64	2.829	-13.406105	Min
8.63	0.3178	-13.434482	Min
8.63	2.829	-13.404189	Min
8.62	0.3194	-13.46381	Min
8.62	2.829	-13.402271	Min
8.61	0.321	-13.493406	Min
8.61	2.829	-13.400351	Min
