20	1.0198	-11.105848	Max
20	0.001	0.56682343	Max
20	9.9998	-1.9374224	Max
15	1.015	-10.339833	Max
15	0.001	1.3419968	Max
15	9.9998	-1.5908968	Max
4	1.0858	-11.664326	Max
4	0.001	-0.10908733	Max
4	9.9998	-0.8457858	Max
3	0.9052	-10.994935	Max
3	0.001	2.1334807	Max
3	9.9998	1.6520631	Max
10	0.8386	-10.757789	Max
10	0.001	1.2677721	Max
10	9.9998	-3.0026936	Max
12	0.9852	-10.051542	Max
12	0.001	1.6847816	Max
12	9.9998	-3.3169924	Max
8	1.1118	-12.826589	Max
8	0.001	-1.3486653	Max
8	9.9998	-2.6347261	Max
6	1.1096	-12.356194	Max
6	0.001	-0.87367895	Max
6	9.9998	-2.1782626	Max
11	0.9422	-10.187816	Max
11	0.001	1.6282598	Max
11	9.9998	-3.1651642	Max
14	1.011	-10.198375	Max
14	0.001	1.4909154	Max
14	9.9998	-2.2442067	Max
11.5	0.9686	-10.087416	Max
11.5	5.9414	-11.16475	Max
11.5	0.001	1.6794683	Max
11.5	9.9998	-3.2422771	Max
11.6	0.9726	-10.075999	Max
11.6	6.4088	-10.890113	Max
11.6	0.001	1.683583	Max
11.6	9.9998	-3.2574045	Max
11.7	0.9762	-10.066896	Max
11.7	0.001	1.6860419	Max
11.7	9.9998	-3.2724379	Max
11.8	0.9794	-10.059903	Max
11.8	0.001	1.6869808	Max
11.8	9.9998	-3.2873792	Max
11.8	0.9794	-10.059903	Max
11.8	0.001	1.6869808	Max
11.8	9.9998	-3.2873792	Max
11.4	0.9642	-10.101367	Max
11.4	5.3292	-11.398768	Max
11.4	0.001	1.6735483	Max
11.4	9.9998	-3.2270539	Max
11.3	0.9594	-10.118098	Max
11.3	0.001	1.6656586	Max
11.3	9.9998	-3.2117331	Max
11.2	0.9542	-10.137879	Max
11.2	0.001	1.6556177	Max
11.2	9.9998	-3.1963125	Max
11.1	0.9484	-10.161009	Max
11.1	0.001	1.6432252	Max
11.1	9.9998	-3.1807903	Max
9	0.6374	-12.362437	Max
9	0.001	0.12967061	Max
9	9.9998	-2.8270384	Max
9.5	0.7512	-11.377222	Max
9.5	0.001	0.8454242	Max
9.5	9.9998	-2.9167048	Max
10.5	0.9008	-10.391022	Max
10.5	0.001	1.5052962	Max
10.5	9.9998	-3.0854004	Max
8.5	1.112	-12.926731	Max
8.5	0.001	-1.0259987	Max
8.5	9.9998	-2.7332293	Max
8.6	1.112	-12.946133	Max
8.6	0.001	-0.75184514	Max
8.6	9.9998	-2.7523476	Max
8.7	0.5522	-13.177878	Max
8.7	1.1122	-12.96534	Max
8.7	0.001	-0.50052816	Max
8.7	9.9998	-2.7712832	Max
8.4	1.112	-12.907128	Max
8.4	0.001	-1.3243	Max
8.4	9.9998	-2.7139236	Max
8.8	0.5828	-12.885426	Max
8.8	1.1122	-12.984357	Max
8.8	0.001	-0.27072312	Max
8.8	9.9998	-2.7900407	Max
8.9	0.611	-12.613851	Max
8.9	1.1122	-13.00319	Max
8.9	0.001	-0.061099192	Max
8.9	9.9998	-2.8086243	Max
8.65	0.5358	-13.332115	Max
8.65	1.1122	-12.955761	Max
8.65	0.001	-0.62341462	Max
8.65	9.9998	-2.761838	Max
8.64	0.5322	-13.36361	Max
8.64	1.1122	-12.953839	Max
8.64	0.001	-0.6486519	Max
8.64	9.9998	-2.7599435	Max
8.63	1.1122	-12.951915	Max
8.63	0.001	-0.67411227	Max
8.63	9.9998	-2.7580473	Max
8.62	1.1122	-12.94999	Max
8.62	0.001	-0.69979705	Max
8.62	9.9998	-2.7561492	Max
8.61	1.112	-12.948062	Max
8.61	0.001	-0.72570756	Max
8.61	9.9998	-2.7542493	Max
