40	0.0422	-9.6143257	Min
40	0.5686	-6.5216685	Max
40	3.1638	-8.0483093	Min
40	0.001	-5.0635669	Max
40	9.9998	-2.3237761	Max
37	0.0422	-9.4990662	Min
37	0.5686	-6.4065302	Max
37	3.1646	-7.933903	Min
37	0.001	-4.9482984	Max
37	9.9998	-2.2125236	Max
50	0.0422	-9.973452	Min
50	0.5686	-6.8806437	Max
50	3.1626	-8.4063756	Min
50	0.001	-5.4227046	Max
50	9.9998	-2.6779875	Max
32	0.0422	-9.310763	Min
32	0.5686	-6.2186532	Max
32	3.168	-7.7486229	Min
32	0.001	-4.7599631	Max
32	9.9998	-2.038819	Max
30	0.0422	-9.2425787	Min
30	0.5684	-6.1507985	Max
30	3.1708	-7.6827985	Min
30	0.001	-4.6917541	Max
30	9.9998	-1.9824324	Max
28	0.0422	-9.1837844	Min
28	0.5684	-6.0925147	Max
28	3.175	-7.6276912	Min
28	0.001	-4.6329215	Max
28	9.9998	-1.9426661	Max
25	0.0422	-9.126929	Min
25	0.568	-6.0370724	Max
25	3.1872	-7.5812099	Min
25	0.001	-4.5759605	Max
25	9.9998	-1.9423231	Max
22	0.0422	-9.1389555	Min
22	0.5674	-6.0522483	Max
22	3.2156	-7.6170233	Min
22	0.001	-4.5877521	Max
22	9.9998	-2.0939625	Max
20	0.0422	-9.2142862	Min
20	0.5664	-6.131857	Max
20	3.2568	-7.7257649	Min
20	0.001	-4.6627641	Max
20	9.9998	-2.3755219	Max
19	0.0422	-9.2825438	Min
19	0.5656	-6.2034621	Max
19	3.2906	-7.820892	Min
19	0.001	-4.7307724	Max
19	9.9998	-2.6110483	Max
18	0.0424	-9.3779266	Min
18	0.5646	-6.3034222	Max
18	3.3386	-7.9539296	Min
18	0.001	-4.8258126	Max
18	9.9998	-2.9369371	Max
17	0.0424	-9.5071222	Min
17	0.5634	-6.4388933	Max
17	3.4076	-8.1362954	Min
17	0.001	-4.9545374	Max
17	9.9998	-3.3778928	Max
16	0.0424	-9.6785568	Min
16	0.5614	-6.6189242	Max
16	3.5072	-8.3832295	Min
16	0.001	-5.1253253	Max
16	9.9998	-3.9601666	Max
15	0.0424	-9.9028243	Min
15	0.559	-6.8549052	Max
15	3.6518	-8.7150139	Min
15	0.001	-5.3487071	Max
15	9.9998	-4.7099114	Max
14	0.0424	-10.193145	Min
14	0.5558	-7.1610184	Max
14	3.8606	-9.1583616	Min
14	0.001	-5.6378252	Max
14	9.9998	-5.6528134	Max
13	0.0424	-10.565784	Min
13	0.5514	-7.5545889	Max
13	4.16	-9.7478247	Min
13	0.001	-6.0088521	Max
13	9.9998	-6.3361692	Max
12	0.0426	-11.040307	Min
12	0.546	-8.0562035	Max
12	4.5842	-10.527207	Min
12	0.001	-6.4812523	Max
12	9.9998	-6.267484	Max
11.5	0.0426	-11.322787	Min
11.5	0.5428	-8.3548047	Max
11.5	4.8564	-11.004819	Min
11.5	0.001	-6.7624505	Max
11.5	9.9998	-6.2309663	Max
11	0.0426	-11.639531	Min
11	0.5394	-8.6894856	Max
11	5.1776	-11.551674	Min
11	0.001	-7.0777529	Max
11	9.9998	-6.1928266	Max
10.5	0.0426	-11.993831	Min
10.5	0.5356	-9.0635798	Max
10.5	4.2638	-12.036121	Min
10.5	0.001	-7.430445	Max
10.5	9.9998	-6.1529132	Max
10	0.0428	-12.389118	Min
10	0.5316	-9.4805262	Max
10	3.264	-12.257664	Min
10	0.001	-7.8239475	Max
10	9.9998	-6.1110526	Max
9.5	0.0428	-12.828921	Min
9.5	0.5272	-9.9438394	Max
9.5	2.9292	-12.233056	Min
9.5	0.001	-8.2617866	Max
9.5	9.9998	-6.0670444	Max
9	0.0428	-13.316834	Min
9	0.5228	-10.457073	Max
9	2.9294	-12.186473	Min
9	0.001	-8.7475575	Max
9	9.9998	-6.0206556	Max
8.5	0.043	-13.856477	Min
8.5	0.581	-10.842603	Max
8.5	2.9294	-12.13717	Min
8.5	0.001	-9.284876	Max
8.5	9.9998	-5.9716137	Max
8	0.0422	-13.941923	Min
8	0.5808	-10.789955	Max
8	2.9298	-12.0848	Min
8	0.001	-9.3959285	Max
8	9.9998	-5.9195962	Max
7.5	0.0422	-13.885483	Min
7.5	0.5808	-10.733649	Max
7.5	2.9302	-12.028935	Min
7.5	0.001	-9.3394783	Max
7.5	9.9998	-5.8642189	Max
7	0.0422	-13.824633	Min
7	0.5808	-10.673033	Max
7	2.9308	-11.969047	Min
7	0.001	-9.2786093	Max
7	9.9998	-5.8050176	Max
6.5	0.0422	-13.758371	Min
6.5	0.5808	-10.607206	Max
6.5	2.9318	-11.904472	Min
6.5	0.001	-9.2123113	Max
6.5	9.9998	-5.7414258	Max
6	0.0422	-13.685145	Min
6	0.5806	-10.534835	Max
6	2.9334	-11.834349	Min
6	0.001	-9.1390127	Max
6	9.9998	-5.6727409	Max
5.5	0.0422	-13.60231	Min
5.5	0.5802	-10.453799	Max
5.5	2.936	-11.757543	Min
5.5	0.001	-9.056021	Max
5.5	9.9998	-5.5980775	Max
5	0.0422	-13.504823	Min
5	0.5794	-10.360386	Max
5	2.9408	-11.672519	Min
5	0.001	-8.9581667	Max
5	9.9998	-5.5162978	Max
