40	0.5686	-6.5216685	Max
40	0.001	-5.0635669	Max
40	9.9998	-2.3237761	Max
37	0.5686	-6.4065302	Max
37	0.001	-4.9482984	Max
37	9.9998	-2.2125236	Max
50	0.5686	-6.8806437	Max
50	0.001	-5.4227046	Max
50	9.9998	-2.6779875	Max
32	0.5686	-6.2186532	Max
32	0.001	-4.7599631	Max
32	9.9998	-2.038819	Max
30	0.5684	-6.1507985	Max
30	0.001	-4.6917541	Max
30	9.9998	-1.9824324	Max
28	0.5684	-6.0925147	Max
28	0.001	-4.6329215	Max
28	9.9998	-1.9426661	Max
25	0.568	-6.0370724	Max
25	0.001	-4.5759605	Max
25	9.9998	-1.9423231	Max
22	0.5674	-6.0522483	Max
22	0.001	-4.5877521	Max
22	9.9998	-2.0939625	Max
20	0.5664	-6.131857	Max
20	0.001	-4.6627641	Max
20	9.9998	-2.3755219	Max
19	0.5656	-6.2034621	Max
19	0.001	-4.7307724	Max
19	9.9998	-2.6110483	Max
18	0.5646	-6.3034222	Max
18	0.001	-4.8258126	Max
18	9.9998	-2.9369371	Max
17	0.5634	-6.4388933	Max
17	0.001	-4.9545374	Max
17	9.9998	-3.3778928	Max
16	0.5614	-6.6189242	Max
16	0.001	-5.1253253	Max
16	9.9998	-3.9601666	Max
15	0.559	-6.8549052	Max
15	0.001	-5.3487071	Max
15	9.9998	-4.7099114	Max
14	0.5558	-7.1610184	Max
14	0.001	-5.6378252	Max
14	9.9998	-5.6528134	Max
13	0.5514	-7.5545889	Max
13	0.001	-6.0088521	Max
13	9.9998	-6.3361692	Max
12	0.546	-8.0562035	Max
12	0.001	-6.4812523	Max
12	9.9998	-6.267484	Max
11.5	0.5428	-8.3548047	Max
11.5	0.001	-6.7624505	Max
11.5	9.9998	-6.2309663	Max
11	0.5394	-8.6894856	Max
11	0.001	-7.0777529	Max
11	9.9998	-6.1928266	Max
10.5	0.5356	-9.0635798	Max
10.5	0.001	-7.430445	Max
10.5	9.9998	-6.1529132	Max
10	0.5316	-9.4805262	Max
10	0.001	-7.8239475	Max
10	9.9998	-6.1110526	Max
9.5	0.5272	-9.9438394	Max
9.5	0.001	-8.2617866	Max
9.5	9.9998	-6.0670444	Max
9	0.5228	-10.457073	Max
9	0.001	-8.7475575	Max
9	9.9998	-6.0206556	Max
8.5	0.581	-10.842603	Max
8.5	0.001	-9.284876	Max
8.5	9.9998	-5.9716137	Max
8	0.5808	-10.789955	Max
8	0.001	-9.3959285	Max
8	9.9998	-5.9195962	Max
7.5	0.5808	-10.733649	Max
7.5	0.001	-9.3394783	Max
7.5	9.9998	-5.8642189	Max
7	0.5808	-10.673033	Max
7	0.001	-9.2786093	Max
7	9.9998	-5.8050176	Max
6.5	0.5808	-10.607206	Max
6.5	0.001	-9.2123113	Max
6.5	9.9998	-5.7414258	Max
6	0.5806	-10.534835	Max
6	0.001	-9.1390127	Max
6	9.9998	-5.6727409	Max
5.5	0.5802	-10.453799	Max
5.5	0.001	-9.056021	Max
5.5	9.9998	-5.5980775	Max
5	0.5794	-10.360386	Max
5	0.001	-8.9581667	Max
5	9.9998	-5.5162978	Max
