40	0.0422	-9.6143257	Min
37	0.0422	-9.4990662	Min
50	0.0422	-9.973452	Min
32	0.0422	-9.310763	Min
30	0.0422	-9.2425787	Min
28	0.0422	-9.1837844	Min
25	0.0422	-9.126929	Min
22	0.0422	-9.1389555	Min
20	0.0422	-9.2142862	Min
19	0.0422	-9.2825438	Min
18	0.0424	-9.3779266	Min
17	0.0424	-9.5071222	Min
16	0.0424	-9.6785568	Min
15	0.0424	-9.9028243	Min
14	0.0424	-10.193145	Min
13	0.0424	-10.565784	Min
12	0.0426	-11.040307	Min
11.5	0.0426	-11.322787	Min
11	0.0426	-11.639531	Min
10.5	0.0426	-11.993831	Min
10	0.0428	-12.389118	Min
9.5	0.0428	-12.828921	Min
9	0.0428	-13.316834	Min
8.5	0.043	-13.856477	Min
8	0.0422	-13.941923	Min
7.5	0.0422	-13.885483	Min
7	0.0422	-13.824633	Min
6.5	0.0422	-13.758371	Min
6	0.0422	-13.685145	Min
5.5	0.0422	-13.60231	Min
5	0.0422	-13.504823	Min
