40	3.1638	-8.0483093	Min
37	3.1646	-7.933903	Min
50	3.1626	-8.4063756	Min
32	3.168	-7.7486229	Min
30	3.1708	-7.6827985	Min
28	3.175	-7.6276912	Min
25	3.1872	-7.5812099	Min
22	3.2156	-7.6170233	Min
20	3.2568	-7.7257649	Min
19	3.2906	-7.820892	Min
18	3.3386	-7.9539296	Min
17	3.4076	-8.1362954	Min
16	3.5072	-8.3832295	Min
15	3.6518	-8.7150139	Min
14	3.8606	-9.1583616	Min
13	4.16	-9.7478247	Min
12	4.5842	-10.527207	Min
11.5	4.8564	-11.004819	Min
11	5.1776	-11.551674	Min
10.5	4.2638	-12.036121	Min
10	3.264	-12.257664	Min
9.5	2.9292	-12.233056	Min
9	2.9294	-12.186473	Min
8.5	2.9294	-12.13717	Min
8	2.9298	-12.0848	Min
7.5	2.9302	-12.028935	Min
7	2.9308	-11.969047	Min
6.5	2.9318	-11.904472	Min
6	2.9334	-11.834349	Min
5.5	2.936	-11.757543	Min
5	2.9408	-11.672519	Min
