40	0.1672	-12.555683	Min
40	1.2646	-10.862847	Max
40	3.0752	-11.277085	Min
40	0.001	-3.0952985	Max
40	9.9998	-3.2234333	Max
20	0.1674	-11.37208	Min
20	1.2556	-9.6923503	Max
20	3.1174	-10.13422	Min
20	0.001	-1.9098985	Max
20	9.9998	-2.285043	Max
19	0.1674	-11.360788	Min
19	1.2528	-9.6853987	Max
19	3.1324	-10.137018	Min
19	0.001	-1.8980147	Max
19	9.9998	-2.3713755	Max
18	0.1676	-11.369627	Min
18	1.2486	-9.700337	Max
18	3.1542	-10.166068	Min
18	0.001	-1.9060235	Max
18	9.9998	-2.5261603	Max
17	0.1676	-11.404873	Min
17	1.2428	-9.744266	Max
17	3.1866	-10.230858	Min
17	0.001	-1.9400868	Max
17	9.9998	-2.7816319	Max
16	0.1678	-11.474807	Min
16	1.2344	-9.8266926	Max
16	3.2352	-10.344799	Min
16	0.001	-2.0083131	Max
16	9.9998	-3.1830123	Max
15	0.168	-11.590443	Min
15	1.2226	-9.9604258	Max
15	3.31	-10.527198	Min
15	0.001	-2.1214564	Max
15	9.9998	-3.788048	Max
14	0.1684	-11.766522	Min
14	1.2058	-10.162751	Max
14	3.4266	-10.806305	Min
14	0.001	-2.2938703	Max
14	9.9998	-4.6608853	Max
13	0.169	-12.022816	Min
13	1.1826	-10.456835	Max
13	3.6106	-11.223922	Min
13	0.001	-2.5447597	Max
13	9.9998	-5.34399	Max
12	0.17	-12.385681	Min
12	1.1514	-10.873129	Max
12	3.9044	-11.841936	Min
12	0.001	-2.8996934	Max
12	9.9998	-5.2446877	Max
11.5	0.1706	-12.617506	Min
11.5	1.1324	-11.13885	Max
11.5	4.1116	-12.25292	Min
11.5	0.001	-3.1262944	Max
11.5	9.9998	-5.1919936	Max
11	0.1712	-12.889612	Min
11	1.1114	-11.450242	Max
11	4.3732	-12.750489	Min
11	0.001	-3.392148	Max
11	9.9998	-5.1370254	Max
10.5	0.172	-13.207738	Min
10.5	1.0882	-11.813346	Max
10.5	4.2638	-13.327234	Min
10.5	0.001	-3.7028444	Max
10.5	9.9998	-5.0795671	Max
10	0.173	-13.578173	Min
10	1.063	-12.234574	Max
10	3.264	-13.647451	Min
10	0.001	-4.0645273	Max
10	9.9998	-5.0193717	Max
9.5	0.1742	-14.007693	Min
9.5	1.036	-12.720607	Max
9.5	2.7862	-13.62816	Min
9.5	0.001	-4.4838366	Max
9.5	9.9998	-4.9561546	Max
9	0.1756	-14.503452	Min
9	1.0076	-13.278277	Max
9	1.264	-13.355537	Min
9	1.3736	-13.348354	Max
9	2.787	-13.560291	Min
9	0.001	-4.9678153	Max
9	9.9998	-4.8895855	Max
8.5	0.1772	-15.072848	Min
8.5	1.3734	-13.275882	Max
8.5	2.7878	-13.488352	Min
8.5	0.001	-5.5237793	Max
8.5	9.9998	-4.8192787	Max
8	0.1646	-15.058935	Min
8	1.3728	-13.198568	Max
8	2.789	-13.411781	Min
8	0.001	-5.624669	Max
8	9.9998	-4.7447792	Max
7.5	0.1646	-14.974882	Min
7.5	1.372	-13.115609	Max
7.5	2.7908	-13.329883	Min
7.5	0.001	-5.5404541	Max
7.5	9.9998	-4.6655452	Max
7	0.1646	-14.883536	Min
7	1.3708	-13.025957	Max
7	2.7932	-13.241793	Min
7	0.001	-5.4488514	Max
7	9.9998	-4.5809249	Max
6.5	0.1646	-14.783046	Min
6.5	1.369	-12.9282	Max
6.5	2.7968	-13.146408	Min
6.5	0.001	-5.3479318	Max
6.5	9.9998	-4.4901237	Max
6	0.1646	-14.670583	Min
6	1.366	-12.820364	Max
6	2.8022	-13.042298	Min
6	0.001	-5.2347092	Max
6	9.9998	-4.3921586	Max
5.5	0.1648	-14.541512	Min
5.5	1.361	-12.699558	Max
5.5	2.8104	-12.927578	Min
5.5	0.001	-5.104198	Max
5.5	9.9998	-4.2857934	Max
5	0.1652	-14.387548	Min
5	1.3524	-12.561323	Max
5	2.823	-12.799718	Min
5	0.001	-4.9472767	Max
5	9.9998	-4.169441	Max
