40	0.1672	-12.555683	Min
40	3.0752	-11.277085	Min
20	0.1674	-11.37208	Min
20	3.1174	-10.13422	Min
19	0.1674	-11.360788	Min
19	3.1324	-10.137018	Min
18	0.1676	-11.369627	Min
18	3.1542	-10.166068	Min
17	0.1676	-11.404873	Min
17	3.1866	-10.230858	Min
16	0.1678	-11.474807	Min
16	3.2352	-10.344799	Min
15	0.168	-11.590443	Min
15	3.31	-10.527198	Min
14	0.1684	-11.766522	Min
14	3.4266	-10.806305	Min
13	0.169	-12.022816	Min
13	3.6106	-11.223922	Min
12	0.17	-12.385681	Min
12	3.9044	-11.841936	Min
11.5	0.1706	-12.617506	Min
11.5	4.1116	-12.25292	Min
11	0.1712	-12.889612	Min
11	4.3732	-12.750489	Min
10.5	0.172	-13.207738	Min
10.5	4.2638	-13.327234	Min
10	0.173	-13.578173	Min
10	3.264	-13.647451	Min
9.5	0.1742	-14.007693	Min
9.5	2.7862	-13.62816	Min
9	0.1756	-14.503452	Min
9	1.264	-13.355537	Min
9	2.787	-13.560291	Min
8.5	0.1772	-15.072848	Min
8.5	2.7878	-13.488352	Min
8	0.1646	-15.058935	Min
8	2.789	-13.411781	Min
7.5	0.1646	-14.974882	Min
7.5	2.7908	-13.329883	Min
7	0.1646	-14.883536	Min
7	2.7932	-13.241793	Min
6.5	0.1646	-14.783046	Min
6.5	2.7968	-13.146408	Min
6	0.1646	-14.670583	Min
6	2.8022	-13.042298	Min
5.5	0.1648	-14.541512	Min
5.5	2.8104	-12.927578	Min
5	0.1652	-14.387548	Min
5	2.823	-12.799718	Min
