40	1.2646	-10.862847	Max
40	0.001	-3.0952985	Max
40	9.9998	-3.2234333	Max
20	1.2556	-9.6923503	Max
20	0.001	-1.9098985	Max
20	9.9998	-2.285043	Max
19	1.2528	-9.6853987	Max
19	0.001	-1.8980147	Max
19	9.9998	-2.3713755	Max
18	1.2486	-9.700337	Max
18	0.001	-1.9060235	Max
18	9.9998	-2.5261603	Max
17	1.2428	-9.744266	Max
17	0.001	-1.9400868	Max
17	9.9998	-2.7816319	Max
16	1.2344	-9.8266926	Max
16	0.001	-2.0083131	Max
16	9.9998	-3.1830123	Max
15	1.2226	-9.9604258	Max
15	0.001	-2.1214564	Max
15	9.9998	-3.788048	Max
14	1.2058	-10.162751	Max
14	0.001	-2.2938703	Max
14	9.9998	-4.6608853	Max
13	1.1826	-10.456835	Max
13	0.001	-2.5447597	Max
13	9.9998	-5.34399	Max
12	1.1514	-10.873129	Max
12	0.001	-2.8996934	Max
12	9.9998	-5.2446877	Max
11.5	1.1324	-11.13885	Max
11.5	0.001	-3.1262944	Max
11.5	9.9998	-5.1919936	Max
11	1.1114	-11.450242	Max
11	0.001	-3.392148	Max
11	9.9998	-5.1370254	Max
10.5	1.0882	-11.813346	Max
10.5	0.001	-3.7028444	Max
10.5	9.9998	-5.0795671	Max
10	1.063	-12.234574	Max
10	0.001	-4.0645273	Max
10	9.9998	-5.0193717	Max
9.5	1.036	-12.720607	Max
9.5	0.001	-4.4838366	Max
9.5	9.9998	-4.9561546	Max
9	1.0076	-13.278277	Max
9	1.3736	-13.348354	Max
9	0.001	-4.9678153	Max
9	9.9998	-4.8895855	Max
8.5	1.3734	-13.275882	Max
8.5	0.001	-5.5237793	Max
8.5	9.9998	-4.8192787	Max
8	1.3728	-13.198568	Max
8	0.001	-5.624669	Max
8	9.9998	-4.7447792	Max
7.5	1.372	-13.115609	Max
7.5	0.001	-5.5404541	Max
7.5	9.9998	-4.6655452	Max
7	1.3708	-13.025957	Max
7	0.001	-5.4488514	Max
7	9.9998	-4.5809249	Max
6.5	1.369	-12.9282	Max
6.5	0.001	-5.3479318	Max
6.5	9.9998	-4.4901237	Max
6	1.366	-12.820364	Max
6	0.001	-5.2347092	Max
6	9.9998	-4.3921586	Max
5.5	1.361	-12.699558	Max
5.5	0.001	-5.104198	Max
5.5	9.9998	-4.2857934	Max
5	1.3524	-12.561323	Max
5	0.001	-4.9472767	Max
5	9.9998	-4.169441	Max
