20	0.236	-1.9645939	Min
20	3.0972	-1.9603456	Min
10	0.255	-3.6993889	Min
10	5.264	-10.618846	Min
4	0.2294	-12.365514	Min
4	2.8172	-11.90394	Min
5	0.2294	-12.48898	Min
5	2.8172	-12.027405	Min
6	0.2294	-12.494702	Min
6	2.8172	-12.033128	Min
7	0.2294	-12.498853	Min
7	2.8172	-12.037279	Min
8	2.8172	-12.041209	Min
9	0.2978	-5.5592337	Min
9	3.264	-11.994043	Min
11	0.2432	-2.8575699	Min
11	7.2638	-7.6499489	Min
12	0.2392	-2.451542	Min
12	3.8192	-2.9892167	Min
12	9.2638	-3.2918939	Min
13	0.2376	-2.2395698	Min
13	3.3322	-2.4541796	Min
14	0.2368	-2.1223306	Min
14	3.2016	-2.2234136	Min
15	0.2364	-2.0550795	Min
15	3.149	-2.1053999	Min
16	0.2362	-2.0156392	Min
16	3.124	-2.0403619	Min
17	0.236	-1.9921983	Min
17	3.111	-2.0030559	Min
18	0.236	-1.9781543	Min
18	3.1038	-1.981165	Min
19	0.236	-1.9696992	Min
19	3.0996	-1.9681476	Min
11.5	0.2408	-2.6202142	Min
11.5	8.2638	-5.637718	Min
10.5	0.2474	-3.1987197	Min
10.5	6.2638	-9.316496	Min
9.5	0.2688	-4.4453399	Min
9.5	4.264	-11.527216	Min
8.5	2.8172	-12.043148	Min
7.5	0.264	-12.484823	Min
7.5	2.8172	-12.039256	Min
12.5	0.2382	-2.3294042	Min
12.5	3.4816	-2.6579307	Min
12.5	9.9998	-0.45676342	Min
11.6	0.2404	-2.5818415	Min
11.6	8.4638	-5.1949328	Min
11.7	0.24	-2.5459687	Min
11.7	4.4642	-3.3244794	Min
11.7	8.6638	-4.7388906	Min
11.8	0.2396	-2.5124069	Min
11.8	4.1334	-3.1920017	Min
11.8	8.8638	-4.2696609	Min
11.9	0.2394	-2.480984	Min
11.9	3.9484	-3.0828732	Min
11.9	9.0638	-3.7873086	Min
8.6	0.3748	-6.8245238	Min
8.6	2.8172	-12.043534	Min
8.7	0.3388	-6.4701328	Min
8.7	2.8172	-12.04392	Min
7.6	0.4638	-12.150342	Min
7.6	2.8172	-12.039648	Min
7.7	0.664	-11.837405	Min
7.7	2.8172	-12.04004	Min
7.8	0.864	-11.661832	Min
7.8	2.8172	-12.04043	Min
7.9	1.064	-11.600309	Min
7.9	2.8172	-12.04082	Min
8.8	0.3206	-6.1426973	Min
8.8	2.864	-12.043747	Min
8.9	0.3078	-5.839663	Min
8.9	3.064	-12.029094	Min
3.8	0.2294	-11.841752	Min
3.8	2.8172	-11.380178	Min
