20	1.0196	-1.215116	Max
20	0.001	10.457855	Max
20	9.9998	7.94021	Max
10	0.7906	-3.306083	Max
10	0.001	8.8324414	Max
10	9.9998	-1.3483532	Max
4	1.1152	-11.461174	Max
4	0.001	0.010901397	Max
4	9.9998	-1.2033692	Max
5	1.1152	-11.58464	Max
5	0.001	-0.11256384	Max
5	9.9998	-1.3268345	Max
6	1.1152	-11.590362	Max
6	0.001	-0.11828597	Max
6	9.9998	-1.3325566	Max
7	1.1152	-11.594513	Max
7	0.001	-0.12243716	Max
7	9.9998	-1.3367078	Max
8	0.001	3.6124459	Max
8	9.9998	-1.340638	Max
9	0.5842	-5.4700057	Max
9	0.001	7.1487248	Max
9	9.9998	-1.3445068	Max
11	0.9094	-2.2726328	Max
11	0.001	9.6096448	Max
11	9.9998	-1.3521892	Max
12	0.967	-1.779301	Max
12	7.2074	-2.3564408	Max
12	0.001	9.9913145	Max
12	9.9998	-1.3560192	Max
13	0.9934	-1.5287175	Max
13	0.001	10.193064	Max
13	9.9998	2.3688927	Max
14	1.0058	-1.3932257	Max
14	0.001	10.30551	Max
14	9.9998	5.7264945	Max
15	1.0122	-1.31667	Max
15	0.001	10.37031	Max
15	9.9998	7.0600745	Max
16	1.0156	-1.2721954	Max
16	0.001	10.408417	Max
16	9.9998	7.5517309	Max
17	1.0176	-1.2459153	Max
17	0.001	10.431103	Max
17	9.9998	7.7582787	Max
18	1.0186	-1.2302255	Max
18	0.001	10.444709	Max
18	9.9998	7.8579687	Max
19	1.0192	-1.2207999	Max
19	0.001	10.452905	Max
19	9.9998	7.9107161	Max
11.5	0.9438	-1.9826691	Max
11.5	0.001	9.8320652	Max
11.5	9.9998	-1.3541048	Max
10.5	0.8596	-2.692597	Max
10.5	0.001	9.2928108	Max
10.5	9.9998	-1.3502721	Max
9.5	0.7	-4.1984351	Max
9.5	0.001	8.1533596	Max
9.5	9.9998	-1.3464317	Max
8.5	0.001	5.6844359	Max
8.5	9.9998	-1.3425766	Max
7.5	1.1152	-11.596491	Max
7.5	0.001	0.77289989	Max
7.5	9.9998	-1.3386853	Max
12.5	0.9828	-1.6341159	Max
12.5	9.046	-0.21531367	Max
12.5	0.001	10.107328	Max
11.6	0.9492	-1.9361581	Max
11.6	0.001	9.8682015	Max
11.6	9.9998	-1.3544878	Max
11.7	0.9542	-1.8927985	Max
11.7	5.6446	-3.2951385	Max
11.7	0.001	9.9020319	Max
11.7	9.9998	-1.3548707	Max
11.8	0.9588	-1.8523476	Max
11.8	6.2826	-3.0203765	Max
11.8	0.001	9.933726	Max
11.8	9.9998	-1.3552536	Max
11.9	0.9632	-1.814583	Max
11.9	6.7736	-2.7048689	Max
11.9	0.001	9.9634394	Max
11.9	9.9998	-1.3556364	Max
8.6	0.4348	-6.823545	Max
8.6	0.001	6.0210632	Max
8.6	9.9998	-1.3429632	Max
8.7	0.489	-6.4554403	Max
8.7	0.001	6.3346125	Max
8.7	9.9998	-1.3433495	Max
7.6	1.1152	-11.596883	Max
7.6	0.001	1.4107573	Max
7.6	9.9998	-1.3390773	Max
7.7	1.1152	-11.597274	Max
7.7	0.001	2.0120829	Max
7.7	9.9998	-1.3394686	Max
7.8	1.1152	-11.597664	Max
7.8	0.001	2.5784751	Max
7.8	9.9998	-1.339859	Max
7.9	1.1152	-11.598054	Max
7.9	0.001	3.1114489	Max
7.9	9.9998	-1.3402488	Max
8.8	0.5254	-6.1070202	Max
8.8	0.001	6.6262813	Max
8.8	9.9998	-1.3437355	Max
8.9	0.5564	-5.7786638	Max
8.9	0.001	6.897259	Max
8.9	9.9998	-1.3441213	Max
3.8	1.1152	-10.937412	Max
3.8	0.001	0.53466347	Max
3.8	9.9998	-0.67960715	Max
