4	0.001	0.010901397	Max
5	0.001	-0.11256384	Max
6	0.001	-0.11828597	Max
7	0.001	-0.12243716	Max
7.5	0.001	0.77289989	Max
7.6	0.001	1.4107573	Max
7.7	0.001	2.0120829	Max
7.8	0.001	2.5784751	Max
7.9	0.001	3.1114489	Max
8	0.001	3.6124459	Max
8.5	0.001	5.6844359	Max
8.6	0.001	6.0210632	Max
8.7	0.001	6.3346125	Max
8.8	0.001	6.6262813	Max
8.9	0.001	6.897259	Max
9	0.001	7.1487248	Max
9.5	0.001	8.1533596	Max
10	0.001	8.8324414	Max
10.5	0.001	9.2928108	Max
11	0.001	9.6096448	Max
11.5	0.001	9.8320652	Max
11.6	0.001	9.8682015	Max
11.7	0.001	9.9020319	Max
11.8	0.001	9.933726	Max
11.9	0.001	9.9634394	Max
12	0.001	9.9913145	Max
12.5	0.001	10.107328	Max
13	0.001	10.193064	Max
14	0.001	10.30551	Max
15	0.001	10.37031	Max
16	0.001	10.408417	Max
17	0.001	10.431103	Max
18	0.001	10.444709	Max
19	0.001	10.452905	Max
20	0.001	10.457855	Max
