4	9.9998	-1.2033692	Max
5	9.9998	-1.3268345	Max
6	9.9998	-1.3325566	Max
7	9.9998	-1.3367078	Max
7.5	9.9998	-1.3386853	Max
7.6	9.9998	-1.3390773	Max
7.7	9.9998	-1.3394686	Max
7.8	9.9998	-1.339859	Max
7.9	9.9998	-1.3402488	Max
8	9.9998	-1.340638	Max
8.5	9.9998	-1.3425766	Max
8.6	9.9998	-1.3429632	Max
8.7	9.9998	-1.3433495	Max
8.8	9.9998	-1.3437355	Max
8.9	9.9998	-1.3441213	Max
9	9.9998	-1.3445068	Max
9.5	9.9998	-1.3464317	Max
10	9.9998	-1.3483532	Max
10.5	9.9998	-1.3502721	Max
11	9.9998	-1.3521892	Max
11.5	9.9998	-1.3541048	Max
11.6	9.9998	-1.3544878	Max
11.7	9.9998	-1.3548707	Max
11.8	9.9998	-1.3552536	Max
11.9	9.9998	-1.3556364	Max
12	9.9998	-1.3560192	Max
13	9.9998	2.3688927	Max
14	9.9998	5.7264945	Max
15	9.9998	7.0600745	Max
16	9.9998	7.5517309	Max
17	9.9998	7.7582787	Max
18	9.9998	7.8579687	Max
19	9.9998	7.9107161	Max
20	9.9998	7.94021	Max
