8.6	0.4348	-6.823545	Max
8.7	0.489	-6.4554403	Max
9	0.5842	-5.4700057	Max
9.5	0.7	-4.1984351	Max
10	0.7906	-3.306083	Max
10.5	0.8596	-2.692597	Max
11	0.9094	-2.2726328	Max
11.5	0.9438	-1.9826691	Max
11.6	0.9492	-1.9361581	Max
11.7	0.9542	-1.8927985	Max
11.8	0.9588	-1.8523476	Max
11.9	0.9632	-1.814583	Max
12	0.967	-1.779301	Max
12.5	0.9828	-1.6341159	Max
13	0.9934	-1.5287175	Max
14	1.0058	-1.3932257	Max
15	1.0122	-1.31667	Max
16	1.0156	-1.2721954	Max
17	1.0176	-1.2459153	Max
18	1.0186	-1.2302255	Max
19	1.0192	-1.2207999	Max
20	1.0196	-1.215116	Max
