20	0.236	-1.9645939	Min
19	0.236	-1.9696992	Min
18	0.236	-1.9781543	Min
17	0.236	-1.9921983	Min
16	0.2362	-2.0156392	Min
15	0.2364	-2.0550795	Min
14	0.2368	-2.1223306	Min
13	0.2376	-2.2395698	Min
12.5	0.2382	-2.3294042	Min
12	0.2392	-2.451542	Min
11.9	0.2394	-2.480984	Min
11.8	0.2396	-2.5124069	Min
11.7	0.24	-2.5459687	Min
11.6	0.2404	-2.5818415	Min
11.5	0.2408	-2.6202142	Min
11	0.2432	-2.8575699	Min
10.5	0.2474	-3.1987197	Min
10	0.255	-3.6993889	Min
9.5	0.2688	-4.4453399	Min
9	0.2978	-5.5592337	Min
8.9	0.3078	-5.839663	Min
8.8	0.3206	-6.1426973	Min
8.7	0.3388	-6.4701328	Min
8.6	0.3748	-6.8245238	Min
