12.5	9.9998	-0.45676342	Min
12	9.2638	-3.2918939	Min
11.9	9.0638	-3.7873086	Min
11.8	8.8638	-4.2696609	Min
11.7	8.6638	-4.7388906	Min
11.6	8.4638	-5.1949328	Min
11.5	8.2638	-5.637718	Min
11	7.2638	-7.6499489	Min
10.5	6.2638	-9.316496	Min
10	5.264	-10.618846	Min
9.5	4.264	-11.527216	Min
9	3.264	-11.994043	Min
8.9	3.064	-12.029094	Min
8.8	2.864	-12.043747	Min
8.7	2.8172	-12.04392	Min
8.6	2.8172	-12.043534	Min
8.5	2.8172	-12.043148	Min
8	2.8172	-12.041209	Min
7.9	2.8172	-12.04082	Min
7.8	2.8172	-12.04043	Min
7.7	2.8172	-12.04004	Min
7.6	2.8172	-12.039648	Min
7.5	2.8172	-12.039256	Min
7	2.8172	-12.037279	Min
6	2.8172	-12.033128	Min
5	2.8172	-12.027405	Min
4	2.8172	-11.90394	Min
3.8	2.8172	-11.380178	Min
