3	8
3	24
3	25
4	63
4	64
5	61
5	62
5	63
5	64
6	10
6	20
6	21
6	24
6	61
6	62
6	63
7	60
7	61
7	62
8	61
9	17
9	21
9	58
9	61
9	62
10	57
10	58
10	59
10	60
10	61
10	62
11	57
11	58
11	59
12	16
12	17
12	57
12	58
13	17
13	56
13	57
13	58
14	18
14	50
14	52
14	56
14	57
14	58
15	19
16	20
17	21
17	58
18	22
18	30
19	23
20	24
21	25
21	26
21	28
21	48
21	50
22	26
22	27
22	28
22	30
25	48
25	64
27	46
28	46
28	47
28	48
29	46
29	47
29	48
30	47
30	48
30	49
30	50
31	47
31	48
31	49
31	50
32	49
32	50
32	51
32	52
33	37
33	39
33	49
33	50
33	51
33	52
34	51
34	52
34	53
34	54
35	51
35	52
35	53
35	59
35	60
39	49
42	47
42	65
43	65
44	64
44	65
45	64
45	65
46	64
46	65
47	64
47	65
48	62
48	63
48	64
48	65
49	62
49	63
49	64
49	65
50	58
50	60
50	62
51	58
51	59
51	60
51	62
52	56
52	57
52	58
52	59
52	60
53	57
53	58
53	59
58	62
