  1 0 0
  3.3446205023538508883 -2.016656160774512152 -2.1432043141737899816
  5.4722710674284034127 -4.0582761112176113372  -4.4677323312672481137
  6.7052592290765913319 -7.5629362474231900393  -4.6122103830337346508
  8.1099477753749535935 -11.041638253906427281  -4.9709877412639729144
  8.6632723267562461444 -14.11960496808540455 -7.1019393916561392999
  10.323667872049263394 -16.309652424860455966  -9.7537600737970517883
  8.8495785231463290899 -13.489345209269282932  -11.882781995286048726
  11.610789555011821861 -16.1004253106479851  -12.331621279592285489
  14.832714584994803886 -17.594233847611825183  -11.230831136277883431
  16.343803103261102194 -17.296127687767508974  -14.728700276976850247
  16.193631351508198435 -14.359180839911726224  -17.199146088730113746
  17.976254657509279866 -10.983428612715620432  -16.965966727292308036
  20.070325164814029506 -8.0986976460685387025  -15.61287593953342423
  17.42109482097904305  -8.3101757195618617402  -18.171574653574186442
  14.373283151205630048 -8.1744306002917053178  -16.100855447218769712
  11.744359229910093845 -10.723643660647422138  -15.228097620962406822
  14.539657693557620277 -8.9011301529753996675  -13.377351831952703165
  11.666373393215035748 -7.1598589555941698492  -15.085263960113952209
  10.210930835133494199 -6.3942580068452947728  -11.581460083446874165
  7.1548034117193619608 -8.4986793477036641775  -11.468442815417436265
  8.7554146839460003093 -6.793933434175665198 -14.493124190376851956
  7.344822255709969383  -5.9993701656758586793  -11.03763850067075758
  3.6259705230533807452 -6.6614227807971131412  -10.922878344755725166
  5.3893911244432777252 -3.3547477986121139182  -11.746817293202436616
  6.5085931720511789322 -2.4890881365607024911  -15.312190802068464279
  5.3468948104231417418 -1.1594948316002051669  -11.890440493687258083
  9.0683700136138014614 -1.4311603936014771765  -10.995538464689355251
  12.404352682691037302 0.35300220844127483399  -11.006915634359449641
  15.34063679335730157  -2.0737011702248113743  -11.273003625722843424
  18.633201729651737821 -2.8131127326679772338  -9.536923213283397871
  21.130880235225568242 -5.6498583281865695227  -10.243248452244365865
  23.293337173742429513 -7.0400572190750025925  -7.3832359487535450526
  25.621596141583435013 -10.076585885946714782  -7.5348956668718161112
  24.605907045791358456 -13.136242429946825894  -5.4242826231311136453
  26.252295684351999228 -10.540322378810644821  -3.1849713705164277577
  26.154534751592041886 -7.243809391619946858 -1.2471510451439549172
  24.311365391466445374 -4.139622669509700259 -0.09765743304826673965
  21.338920988195710038 -1.916759202634963799 0.64457563284680097215
  21.410925195110845465 0.4346523567741801819 3.6351149858675988469
  17.966215193438529241 0.84936814650050740383  5.1884401644157058797
  14.25325864096666173  0.10142473831502275827  5.2803675647248979885
  11.784113024762199018 0.084548645631679020251 2.5348761540756803434
  8.7033986006219841158 0.068666772352618032915 0.5478492214159146334
  8.2303291774305478157 -0.25017233223030055367 -3.0756080496740145769
  8.6309383307103555438 0.3026117083142347286 -6.7344651470808631899
  12.261693139095932281 -0.60768846949572241645 -6.2754637590604236408
  13.176542355147230268 -4.1584281108701590668  -7.4008880889935779734
  16.622148955615493549 -5.6563355090973601591  -7.0482773311344111278
  17.59186926565620368  -8.7412807854469871671  -8.8390346692723849031
  20.376681775521049644 -11.06722129854959924 -7.4952434668705114618
  22.601276963869224801 -12.428446990058265698  -10.286992831288626959
  25.106165743257534473 -14.960886599993008517  -11.527843170778112381
  28.899173682752479664 -15.480623819700715771  -12.307785461752496659
  26.37257629043708107  -15.725587613834974832  -15.139190123172049596
  24.093169394998216859 -12.653152697781063551  -15.20062214847908777
  20.627809472715615158 -14.135609876638646654  -14.873297477814494627
  18.228479951198263365 -13.994118793071196549  -11.947569547727857397
  19.703049576985677049 -16.53685551964133893 -9.5120450914640368723
  17.368250843791077642 -16.258038415427403578  -6.4602520575753912269
  13.881875506879046256 -14.71959677714511372 -6.4109504145702409517
  12.997332193077173912 -11.053908678696560131  -7.0375527273517963778
  11.587433814799766196 -8.8033825591957182155  -4.2045639553113245412
  11.357349355542213587 -5.0312236280627500307  -3.0976013219289537659
  13.689297135938771177 -1.7902438577607950876  -1.5223308601843166254
