  0.98873785807429825923  -0.0022135426937230826515 -0.0070062764810101783863
  4.4453972598046034292 -0.97574557169617626151 -1.3470421091149937798
  7.5819811753087398287 -2.6537281814184083828  -2.8002821054801967371
  11.251527840615692  -3.0779657222817133899  -2.0937066148844913904
  11.607855957135390312 -7.12145281687587417  -0.31101910559713563664
  9.9073853634847903749 -9.0271656030628015799  -3.3451300007307698259
  10.649173567133500384 -12.519416737677744322  -4.2503199900308654691
  9.8501129459405376565 -14.275660256433337025  -7.4370090821464494013
  12.685767993342370374 -12.369441632153378663  -8.9505291248854472741
  14.939253700209539133 -14.773542935837761902  -7.2066831768501344868
  16.455302688830244051 -16.676699332558609257  -10.092172871777680854
  15.840811243569701716 -14.816546770365368602  -13.352373428414754386
  17.990785600780117903 -12.422692117549654967  -15.381834935845631662
  18.583554355279670034 -8.8000285696615296871  -14.444723868654168797
  17.414837022879410711 -8.323181893170254142 -18.14640530483098857
  14.263885319296962351 -10.172876199180453938  -17.102461137984480644
  13.661462258531113179 -8.5225233018045614131  -13.647802068633550832
  14.575531644316724211 -4.7964526147544379597  -14.238747164971091053
  11.691867787397162815 -5.4801552271811013739  -16.59150179567882688
  11.184315103862411789 -6.2697983020962562151  -12.769154237644590566
  9.3585771816606193596 -4.581669570891683918 -9.9400497407948869011
  10.041226349355083514 -1.8750050017374357836  -12.490865075273749341
  6.7647644565075246703 -2.7237773039108406081  -14.006879974705132241
  6.5861448822702275407 -2.8835053120117528636  -10.142297373971727481
  7.2999199500103424398 0.71455650736035380977  -9.1595281161927726288
  8.961461351448445356  2.6635049433368358507 -12.009836337630680703
  11.874529386916277574 4.8010803885817550096 -10.622583217167242964
  10.697710776612135319 2.2820960445265203731 -8.2681367264112051174
  13.889301286371724231 0.82300043923805987767  -9.2296625391270072924
  17.32277537372463172  -0.16001935358355987016 -8.6687192249345486061
  20.065897233951186962 -1.0165936863282150071  -6.3730468207442401152
  21.015962149560571959 -3.8236078788415590601  -8.9448361606249502387
  24.030160069220308117 -5.1951078204720699816  -6.9532272948128781564
  26.516247898212785827 -8.2620467672051898234  -7.436297912755077455
  26.423700859203066216 -10.540429999965700958  -4.2700774629847852992
  29.167979583717936976 -11.074439278044344803  -1.4573453807757823508
  28.218990228262850195 -7.3653789400376910024  -1.5774425284380921841
  29.309768769941708655 -5.0533745976358881435  1.2762161761266435089
  26.569274598645975516 -2.2901844610447512629  1.1816217302000622258
  27.45049660892358645  0.96488217077527305143  3.0006777363304428796
  23.351535311373467607 0.60480534360214599499  4.0843033877802650267
  18.664665022699697516 -0.11666956072303406866 3.4092824929742073792
  15.424881171210065745 -1.0649886770742975628  1.3803139586330166466
  12.681995425203828276 -2.3413970117548079664  0.60169247685353832722
  11.351906802922568929 -0.20591205167024123623 -1.9713443759371143127
  9.8107439701653458286 1.6132723477800923195 -4.6470237087919379348
  13.096820851223037963 1.835222242044124874  -3.8388197803192154467
  13.262319027592452514 -1.4843026009568152102  -3.6410207437407104969
  16.644466081692158355 -3.011301264872327188 -4.1843870162478369323
  18.537005673035682918 -6.3053693655519964523  -6.2416593211364208571
  21.575587597065165824 -8.9299428414334975912  -6.2020610042902566406
  23.382427831901889448 -10.910624441679765084  -9.0176402901636478759
  25.85313247783445334  -13.602391873661462185  -10.220722881262192416
  28.798517541238300765 -15.339166365284505389  -12.118954051712913511
  26.37257629043708107  -15.725587613834974832  -15.139190123172049596
  23.94994053243533827  -12.886814673201200776  -13.907023522715530106
  20.727112276610931474 -14.122189437405916479  -12.223344298087043924
  18.969678371750561041 -12.557273769622581128  -9.2030791736807753267
  20.743192277530724255 -14.539859570205607042  -6.4732609936231657599
  18.701027437920355823 -13.336686976367582602  -3.4025443355945950152
  15.187624405830407071 -11.955737484706077112  -2.6456098813544342008
  15.085699437156884883 -8.3225340244312739912  -3.5419684689679260536
  12.731496573908284375 -5.6924736128015336334  -2.2491339015098343879
  10.655266965747184571 -3.3879965485001921621  0.5335613490741174525
  3.6292481725382099711 -1.6545251693243427926  -0.37429887409124290576
