  0 0 0
  1 0 0
  4.4258468573468521257 -0.95886536827478252576 -1.3433478758422932042
  6.1549410591670241644 -3.786035401912565046 -3.1948188699797657186
  9.6120040048297834545 -4.0450796881874904187  -1.6659454784022231788
  10.739400463040466249 -7.583831620279822161 -2.4404549935967057017
  10.869785972383530392 -9.7589464350066492671  -5.5284778500064888362
  11.308305120662312859 -13.334085075230694528  -4.2750578646185850573
  9.9259927759357911015 -14.581932518400421372  -7.6002945990769656959
  13.084605630868560766 -13.244109218864863919  -9.2217722128210635191
  15.756769058400156069 -15.569027142167476185  -7.7878823054471144616
  17.415359199245195043 -17.318450497611447503  -10.7331102538610903
  16.240002505801669486 -14.983231672841982984  -13.498392099102160202
  18.494214009915893371 -12.837479199915454942  -15.684877365379708891
  19.208461696153939613 -9.1960959715854659891  -14.901112459849580105
  17.42109482097904305  -8.3101757195618617402  -18.171574653574186442
  14.287202979287407345 -10.193468541223920099  -17.150510957003415768
  14.527519312629774362 -8.8720497756327940664  -13.559964270790784369
  14.852216419803689007 -5.1872745996091067511  -14.599118585968515305
  11.70575820958364055  -5.4798022192227300309  -16.693160209982238484
  9.6422571643375842854 -6.8377227178984929523  -13.784611026017040913
  10.914356080249273617 -4.4171910176837689832  -11.159959499358325985
  10.333764645887086431 -1.4128417959722232577  -13.433817089522335664
  6.8074260909817647658 -2.7020506827350589951  -14.018781056344211677
  6.1395914100120592138 -2.7012088677006347304  -10.26146431028172934
  8.3467693086830294646 0.25918862295494726755  -9.3086881450999214849
  8.6295175618568435993 2.6997020785640479801 -12.215829094265973964
  10.973930242981117189 5.0047202373942702991 -10.241724115282684338
  13.420297132984771338 2.2625922573351746614 -9.204178366666809552
  17.132250970337466356 2.9241567548982727587 -9.5662669261749524452
  18.554719386915440538 -0.53004587365107436181 -10.382152215146948748
  22.017162249050908684 -1.3947290690268325797  -9.0501787176321020212
  23.776112142406105932 -4.6308714606240490852  -10.072100287016553466
  26.389752948323902615 -6.074680669444265213 -7.6890862907993096087
  28.177005399949045739 -9.4264273516304726286  -7.3538119962080434888
  27.040472390853359741 -11.643100109105636975  -4.42391291850872026
  29.256693329615927723 -11.106955104887147101  -1.3648924404729931847
  29.556928791968292813 -7.308364694745814738 -1.8123223937934727079
  29.552952165407369023 -5.1923077613952619558  1.3492800861619449471
  27.433823816283155139 -2.0653755173014851643  0.86601640990979411594
  27.143267945669098395 1.2175433508711395181 2.78471440361486966
  24.464121227543625281 1.1854211802596472669 5.5095703684160755031
  22.434001023500446337 3.9166930352449744746 3.750705106009461165
  18.710550759450935487 3.3296042343074550018 3.0851535520608859287
  17.208118493904930091 4.5358750338466871099 -0.22659780418935090984
  13.541905690370322546 3.9860287214110918796 -1.0375002100927350757
  13.939988485621720216 4.314687903525856072  -4.8330793793548494364
  16.829836499255222293 1.8897273448748230784 -5.0857783051249461082
  16.816008834034569475 -1.794750050637975658 -6.0304894343225248221
  20.086675879948391099 -3.725755937007859675 -5.7131798984144586129
  20.388300564772833923 -6.9629881391300489923  -7.7215228021656292512
  22.946250574930584065 -9.4515145592582960887  -6.3192011550897335681
  24.212600366878348268 -11.53127461169810708 -9.2352541945095261156
  26.112647434101237565 -14.775578754087240085  -9.7849247995216845908
  28.899173682752479664 -15.480623819700715771  -12.307785461752496659
  26.37257629043708107  -15.725587613834974832  -15.139190123172049596
  24.465950936721508668 -12.579802124107652972  -14.137679058235677942
  21.410375420724435003 -14.396634327573400114  -12.69607578046158558
  19.672971820913776497 -13.078264079132264186  -9.5557307963252497984
  21.166603835305259906 -15.027175039712366456  -6.6565980857865296727
  19.199067535279311869 -13.517313117712655313  -3.7576798591758593382
  15.746117180494278998 -11.959027211871601892  -3.3595443507782478676
  15.825587978260816868 -8.3860700851440377335  -4.6770631411068954719
  14.652547388283233332 -5.7662815323140783619  -2.1476140483742209852
  14.260050434213457748 -1.9872662906966422902  -1.8517340986157801996
  16.923295544578706995 7.9194218906267666198e-16 -7.1828393927164668753e-18
  17.923295544578706995 7.9194218906267666198e-16 -7.1828393927164668753e-18
