11.912	-37.066	4.598
10.764	-33.739	6.038
7.845	-32.224	7.934
7.394	-28.744	6.505
3.798	-27.838	7.306
1.619	-27.918	10.393
-1.975	-27.643	9.147
-3.144	-29.188	12.429
-1.984	-26.008	14.143
-4.454	-23.429	12.783
-6.293	-21.956	15.772
-3.896	-23.079	18.506
-1.879	-20.773	20.76
1.717	-19.835	20.003
2.701	-21.664	23.222
0.995	-24.867	22.108
2.301	-24.45	18.528
5.962	-23.951	19.582
5.845	-27.168	21.584
4.604	-29.219	18.615
6.95	-27.739	16.032
9.982	-28.217	18.293
8.891	-31.825	18.774
8.929	-32.383	14.999
11.762	-29.988	14.115
14.183	-29.654	17.033
16.354	-27.129	15.131
13.48	-24.81	14.16
13.934	-21.079	14.63
10.406	-19.875	15.481
9.35	-16.429	14.248
6.021	-14.883	15.315
4.434	-12.286	13.006
0.988	-10.679	12.717
-1.162	-11.852	9.752
-0.75	-9.522	6.759
3.026	-9.024	7.221
5.139	-8.819	4.064
8.379	-10.774	4.491
11.673	-10.826	2.57
11.79	-13.423	-0.231
14.63	-15.348	1.473
14.251	-19.116	2.03
15.539	-20.644	5.299
15.194	-24.357	6.003
15.5	-24.051	9.809
12.918	-21.309	10.141
9.24	-21.555	11.079
7.13	-18.389	10.853
3.881	-18.326	12.864
1.254	-15.871	11.532
-0.893	-14.807	14.48
-4.238	-13.107	15.079
-5.097	-10.438	17.68
-5.201	-13.055	20.437
-1.954	-14.754	19.386
-3.598	-17.863	17.854
-2.185	-19.433	14.667
-4.214	-17.967	11.809
-2.597	-19.763	8.857
-0.849	-23.111	8.362
2.714	-22.871	9.687
5.395	-23.823	7.129
9.19	-23.996	6.828
11.026	-21.174	5.057
