	0	0	0
	0.9302899214	-0.05950826542	0.01600874237
	4.460073255	-0.8750132595	-1.297147263
	6.183211521	-3.808916691	-3.081228661
	9.745487226	-3.853607736	-1.599858639
	10.91023761	-7.454275009	-2.37893825
	10.80421439	-9.726870403	-5.514397302
	11.33286857	-13.36244325	-4.365872028
	9.887011689	-14.62716363	-7.685824932
	13.10516732	-13.15883034	-9.097081767
	15.74275265	-15.55364627	-7.693317171
	17.47044018	-17.30945001	-10.60632596
	16.27194794	-15.10463834	-13.49555832
	18.47856205	-12.89730099	-15.68100898
	19.11941423	-9.225178943	-14.92917022
	17.46643642	-8.210141311	-18.2850174
	14.34945837	-10.14893306	-17.25292731
	14.53416505	-8.945111065	-13.61029669
	14.84416569	-5.216583485	-14.58491769
	11.77760154	-5.476489475	-16.86239567
	9.614105519	-6.753678419	-13.96822954
	10.99610846	-4.39157698	-11.34232098
	10.41580713	-1.346451256	-13.63176297
	6.900745321	-2.824378004	-14.05768112
	6.199809137	-2.541300082	-10.29090656
	8.682898711	0.1542555616	-9.166420729
	8.815089684	2.650479342	-12.12277292
	11.00113233	5.144959863	-10.11818721
	13.41702179	2.352970731	-9.193148469
	17.11496244	3.01642475	-9.642276884
	18.61937137	-0.4202261905	-10.43397938
	22.03070713	-1.435492996	-9.068441788
	23.97805974	-4.595472418	-10.05657109
	26.44688301	-6.174075687	-7.641749022
	28.17895551	-9.555813869	-7.386442737
	26.99987641	-11.76183206	-4.471203185
	29.22452424	-11.16631503	-1.462404085
	29.36674712	-7.346466396	-1.791334753
	29.52001049	-5.302146986	1.416107026
	27.56834079	-2.061692182	0.9336549976
	27.29391335	1.312470105	2.735489982
	24.47128087	1.234062719	5.316445419
	22.28171653	3.922131177	3.686159656
	18.55961622	2.959679099	3.169099273
	16.84783286	4.374122354	-0.09740929572
	13.20955551	4.472681156	-0.9367258268
	14.26184886	4.637041738	-4.653993131
	16.54261193	1.784282774	-5.148710533
	16.92969533	-1.785386009	-6.029918053
	20.18296168	-3.697960953	-5.692317985
	20.4107395	-6.947313865	-7.77232954
	22.92494642	-9.424570737	-6.250253885
	24.12697702	-11.53310471	-9.178965025
	26.06727903	-14.72781509	-9.950681977
	28.84084646	-15.60804619	-12.44735457
	26.18408968	-15.75973968	-15.17295211
	24.43002964	-12.57624888	-14.01623656
	21.33666025	-14.35687084	-12.64695827
	19.64243278	-13.05966515	-9.477221312
	21.17147034	-15.00363411	-6.580473189
	19.18422445	-13.55529664	-3.663176124
	15.7425023	-11.93327188	-3.33671247
	15.8763755	-8.33791828	-4.536094788
	14.45044171	-5.645886225	-2.353566377
	15.23653626	-2.222097932	-1.760495875
	15.73754928	0.4032207034	0.3824639256
	17.92329554	7.919421891e-16	-7.182839393e-18
