  0 0 0
  1 0 0
  4.425846857 -0.9588653683 -1.343347876
  6.154941059 -3.786035402  -3.19481887
  9.612004005 -4.045079688  -1.665945478
  10.73940046 -7.58383162 -2.440454994
  10.86978597 -9.758946435  -5.52847785
  11.30830512 -13.33408508  -4.275057865
  9.925992776 -14.58193252  -7.600294599
  13.08460563 -13.24410922  -9.221772213
  15.75676906 -15.56902714  -7.787882305
  17.4153592  -17.3184505 -10.73311025
  16.24000251 -14.98323167  -13.4983921
  18.49421401 -12.8374792 -15.68487737
  19.2084617  -9.196095972  -14.90111246
  17.42109482 -8.31017572 -18.17157465
  14.28720298 -10.19346854  -17.15051096
  14.52751931 -8.872049776  -13.55996427
  14.85221642 -5.1872746  -14.59911859
  11.70575821 -5.479802219  -16.69316021
  9.642257164 -6.837722718  -13.78461103
  10.91435608 -4.417191018  -11.1599595
  10.33376465 -1.412841796  -13.43381709
  6.807426091 -2.702050683  -14.01878106
  6.13959141  -2.701208868  -10.26146431
  8.346769309 0.259188623 -9.308688145
  8.629517562 2.699702079 -12.21582909
  10.97393024 5.004720237 -10.24172412
  13.42029713 2.262592257 -9.204178367
  17.13225097 2.924156755 -9.566266926
  18.55471939 -0.5300458737 -10.38215222
  22.01716225 -1.394729069  -9.050178718
  23.77611214 -4.630871461  -10.07210029
  26.38975295 -6.074680669  -7.689086291
  28.1770054  -9.426427352  -7.353811996
  27.04047239 -11.64310011  -4.423912919
  29.25669333 -11.1069551 -1.36489244
  29.55692879 -7.308364695  -1.812322394
  29.55295217 -5.192307761  1.349280086
  27.43382382 -2.065375517  0.8660164099
  27.14326794 1.217543362 2.784714408
  24.46411971 1.185423455 5.509568923
  22.43399622 3.916695583 3.750707879
  18.7105459  3.329595267 3.085166537
  17.20810364 4.535877213 -0.2265762451
  13.54189683 3.986025653 -1.037501377
  13.93998825 4.31468802  -4.833079446
  16.8298364  1.889727516 -5.085778342
  16.81600885 -1.794749953  -6.030489367
  20.0866759  -3.725755812  -5.713179746
  20.38830057 -6.962988044  -7.721522699
  22.94625057 -9.451514541  -6.319201167
  24.21260037 -11.53127461  -9.235254198
  26.11264743 -14.77557875  -9.784924811
  28.89917489 -15.48062505  -12.30778379
  26.37257837 -15.72558656  -15.13918943
  24.46595094 -12.57980211  -14.13767906
  21.41037543 -14.39663433  -12.69607578
  19.67297183 -13.07826406  -9.555730805
  21.16660383 -15.02717502  -6.656598093
  19.19906754 -13.5173131 -3.757679862
  15.74611719 -11.95902715  -3.359544384
  15.82558797 -8.386070064  -4.677063275
  14.65254747 -5.766281788  -2.147613926
  14.26005052 -1.9872666  -1.851734322
  16.92329448 9.4934731e-07 -8.756411707e-08
  17.92329554 7.919421891e-16 -7.182839393e-18
