40	0.0422	-9.5951731	Min
40	0.5686	-6.5024154	Max
40	3.163	-8.0284547	Min
40	0.001	-5.0444219	Max
40	9.9998	-2.3014229	Max
37	0.0422	-9.469009	Min
37	0.5686	-6.376321	Max
37	3.1636	-7.9027819	Min
37	0.001	-4.9182526	Max
37	9.9998	-2.1775842	Max
50	0.0422	-9.9693559	Min
50	0.5686	-6.8765231	Max
50	3.1624	-8.4021074	Min
50	0.001	-5.4186104	Max
50	9.9998	-2.6731061	Max
32	0.0422	-9.2481261	Min
32	0.5686	-6.1557038	Max
32	3.1656	-7.6837809	Min
32	0.001	-4.6973497	Max
32	9.9998	-1.9657632	Max
30	0.0422	-9.1591516	Min
30	0.5686	-6.0669429	Max
30	3.1674	-7.5963296	Min
30	0.001	-4.6083592	Max
30	9.9998	-1.8843207	Max
28	0.0422	-9.0732007	Min
28	0.5684	-5.9813277	Max
28	3.1702	-7.5127897	Min
28	0.001	-4.5223831	Max
28	9.9998	-1.8106522	Max
25	0.0422	-8.9599485	Min
25	0.5682	-5.8690215	Max
25	3.1782	-7.4064372	Min
25	0.001	-4.4090602	Max
25	9.9998	-1.734715	Max
22	0.0422	-8.8908308	Min
22	0.5678	-5.8020975	Max
22	3.1978	-7.3537949	Min
22	0.001	-4.3397789	Max
22	9.9998	-1.7643985	Max
20	0.0422	-8.8951508	Min
20	0.567	-5.8095892	Max
20	3.2284	-7.3828206	Min
20	0.001	-4.3438632	Max
20	9.9998	-1.932541	Max
19	0.0422	-8.9224947	Min
19	0.5666	-5.8395572	Max
19	3.2552	-7.4312443	Min
19	0.001	-4.3710124	Max
19	9.9998	-2.1072536	Max
18	0.0422	-8.9736243	Min
18	0.5656	-5.8944582	Max
18	3.2958	-7.513539	Min
18	0.001	-4.4218624	Max
18	9.9998	-2.3801914	Max
17	0.0424	-9.0559361	Min
17	0.5646	-5.9822455	Max
17	3.3582	-7.6427444	Min
17	0.001	-4.5037666	Max
17	9.9998	-2.7915177	Max
16	0.0424	-9.1793006	Min
16	0.5628	-6.1136166	Max
16	3.4568	-7.8378482	Min
16	0.001	-4.6265339	Max
16	9.9998	-3.3878309	Max
15	0.0424	-9.3569515	Min
15	0.5602	-6.302992	Max
15	3.6152	-8.1268705	Min
15	0.001	-4.8033072	Max
15	9.9998	-4.2164596	Max
14	0.0424	-9.6065966	Min
14	0.5566	-6.5696958	Max
14	3.874	-8.5514755	Min
14	0.001	-5.0516671	Max
14	9.9998	-5.3227263	Max
13	0.0424	-9.9516487	Min
13	0.5516	-6.9391498	Max
13	4.302	-9.1736815	Min
13	0.001	-5.3948598	Max
13	9.9998	-6.1621762	Max
12	0.0426	-10.422279	Min
12	0.5448	-7.4436732	Max
12	5.0188	-10.086379	Min
12	0.001	-5.8628558	Max
12	9.9998	-6.0934988	Max
11.5	0.0426	-10.716077	Min
11.5	0.5406	-7.7585704	Max
11.5	5.554	-10.694607	Min
11.5	0.001	-6.1549823	Max
11.5	9.9998	-6.0569893	Max
11	0.0426	-11.055795	Min
11	0.536	-8.1223868	Max
11	5.2638	-11.377138	Min
11	0.001	-6.4927662	Max
11	9.9998	-6.0188609	Max
10.5	0.0428	-11.447116	Min
10.5	0.5308	-8.5408971	Max
10.5	4.2638	-11.862277	Min
10.5	0.001	-6.881868	Max
10.5	9.9998	-5.9789623	Max
10	0.0428	-11.89605	Min
10	0.5254	-9.0201496	Max
10	3.264	-12.083921	Min
10	0.001	-7.3282821	Max
10	9.9998	-5.9371202	Max
9.5	0.043	-12.408896	Min
9.5	0.5194	-9.5664459	Max
9.5	2.929	-12.059411	Min
9.5	0.001	-7.8383016	Max
9.5	9.9998	-5.8931347	Max
9	0.043	-12.992247	Min
9	0.513	-10.186341	Max
9	2.9292	-12.012937	Min
9	0.001	-8.4184983	Max
9	9.9998	-5.8467734	Max
8.5	0.0432	-13.652948	Min
8.5	0.581	-10.669475	Max
8.5	2.9292	-11.963779	Min
8.5	0.001	-9.0757173	Max
8.5	9.9998	-5.797764	Max
8	0.0422	-13.769209	Min
8	0.581	-10.61714	Max
8	2.9294	-11.9116	Min
8	0.001	-9.2232231	Max
8	9.9998	-5.745785	Max
7.5	0.0422	-13.713279	Min
7.5	0.5808	-10.561285	Max
7.5	2.9296	-11.855992	Min
7.5	0.001	-9.1672871	Max
7.5	9.9998	-5.6904526	Max
7	0.0422	-13.653201	Min
7	0.5808	-10.501339	Max
7	2.93	-11.796457	Min
7	0.001	-9.1071977	Max
7	9.9998	-5.6313034	Max
6.5	0.0422	-13.58815	Min
6.5	0.5808	-10.436541	Max
6.5	2.9304	-11.732372	Min
6.5	0.001	-9.0421261	Max
6.5	9.9998	-5.5677715	Max
6	0.0422	-13.516902	Min
6	0.5808	-10.365804	Max
6	2.9314	-11.662944	Min
6	0.001	-8.970834	Max
6	9.9998	-5.499155	Max
5.5	0.0422	-13.437425	Min
5.5	0.5806	-10.287455	Max
5.5	2.933	-11.58714	Min
5.5	0.001	-8.8912587	Max
5.5	9.9998	-5.4245691	Max
5	0.0422	-13.345864	Min
5	0.58	-10.198607	Max
5	2.9358	-11.503571	Min
5	0.001	-8.799449	Max
5	9.9998	-5.3428758	Max
