40	0.0422	-9.5951731	Min
40	3.163	-8.0284547	Min
37	0.0422	-9.469009	Min
37	3.1636	-7.9027819	Min
50	0.0422	-9.9693559	Min
50	3.1624	-8.4021074	Min
32	0.0422	-9.2481261	Min
32	3.1656	-7.6837809	Min
30	0.0422	-9.1591516	Min
30	3.1674	-7.5963296	Min
28	0.0422	-9.0732007	Min
28	3.1702	-7.5127897	Min
25	0.0422	-8.9599485	Min
25	3.1782	-7.4064372	Min
22	0.0422	-8.8908308	Min
22	3.1978	-7.3537949	Min
20	0.0422	-8.8951508	Min
20	3.2284	-7.3828206	Min
19	0.0422	-8.9224947	Min
19	3.2552	-7.4312443	Min
18	0.0422	-8.9736243	Min
18	3.2958	-7.513539	Min
17	0.0424	-9.0559361	Min
17	3.3582	-7.6427444	Min
16	0.0424	-9.1793006	Min
16	3.4568	-7.8378482	Min
15	0.0424	-9.3569515	Min
15	3.6152	-8.1268705	Min
14	0.0424	-9.6065966	Min
14	3.874	-8.5514755	Min
13	0.0424	-9.9516487	Min
13	4.302	-9.1736815	Min
12	0.0426	-10.422279	Min
12	5.0188	-10.086379	Min
11.5	0.0426	-10.716077	Min
11.5	5.554	-10.694607	Min
11	0.0426	-11.055795	Min
11	5.2638	-11.377138	Min
10.5	0.0428	-11.447116	Min
10.5	4.2638	-11.862277	Min
10	0.0428	-11.89605	Min
10	3.264	-12.083921	Min
9.5	0.043	-12.408896	Min
9.5	2.929	-12.059411	Min
9	0.043	-12.992247	Min
9	2.9292	-12.012937	Min
8.5	0.0432	-13.652948	Min
8.5	2.9292	-11.963779	Min
8	0.0422	-13.769209	Min
8	2.9294	-11.9116	Min
7.5	0.0422	-13.713279	Min
7.5	2.9296	-11.855992	Min
7	0.0422	-13.653201	Min
7	2.93	-11.796457	Min
6.5	0.0422	-13.58815	Min
6.5	2.9304	-11.732372	Min
6	0.0422	-13.516902	Min
6	2.9314	-11.662944	Min
5.5	0.0422	-13.437425	Min
5.5	2.933	-11.58714	Min
5	0.0422	-13.345864	Min
5	2.9358	-11.503571	Min
