40	0.5686	-6.5024154	Max
40	0.001	-5.0444219	Max
40	9.9998	-2.3014229	Max
37	0.5686	-6.376321	Max
37	0.001	-4.9182526	Max
37	9.9998	-2.1775842	Max
50	0.5686	-6.8765231	Max
50	0.001	-5.4186104	Max
50	9.9998	-2.6731061	Max
32	0.5686	-6.1557038	Max
32	0.001	-4.6973497	Max
32	9.9998	-1.9657632	Max
30	0.5686	-6.0669429	Max
30	0.001	-4.6083592	Max
30	9.9998	-1.8843207	Max
28	0.5684	-5.9813277	Max
28	0.001	-4.5223831	Max
28	9.9998	-1.8106522	Max
25	0.5682	-5.8690215	Max
25	0.001	-4.4090602	Max
25	9.9998	-1.734715	Max
22	0.5678	-5.8020975	Max
22	0.001	-4.3397789	Max
22	9.9998	-1.7643985	Max
20	0.567	-5.8095892	Max
20	0.001	-4.3438632	Max
20	9.9998	-1.932541	Max
19	0.5666	-5.8395572	Max
19	0.001	-4.3710124	Max
19	9.9998	-2.1072536	Max
18	0.5656	-5.8944582	Max
18	0.001	-4.4218624	Max
18	9.9998	-2.3801914	Max
17	0.5646	-5.9822455	Max
17	0.001	-4.5037666	Max
17	9.9998	-2.7915177	Max
16	0.5628	-6.1136166	Max
16	0.001	-4.6265339	Max
16	9.9998	-3.3878309	Max
15	0.5602	-6.302992	Max
15	0.001	-4.8033072	Max
15	9.9998	-4.2164596	Max
14	0.5566	-6.5696958	Max
14	0.001	-5.0516671	Max
14	9.9998	-5.3227263	Max
13	0.5516	-6.9391498	Max
13	0.001	-5.3948598	Max
13	9.9998	-6.1621762	Max
12	0.5448	-7.4436732	Max
12	0.001	-5.8628558	Max
12	9.9998	-6.0934988	Max
11.5	0.5406	-7.7585704	Max
11.5	0.001	-6.1549823	Max
11.5	9.9998	-6.0569893	Max
11	0.536	-8.1223868	Max
11	0.001	-6.4927662	Max
11	9.9998	-6.0188609	Max
10.5	0.5308	-8.5408971	Max
10.5	0.001	-6.881868	Max
10.5	9.9998	-5.9789623	Max
10	0.5254	-9.0201496	Max
10	0.001	-7.3282821	Max
10	9.9998	-5.9371202	Max
9.5	0.5194	-9.5664459	Max
9.5	0.001	-7.8383016	Max
9.5	9.9998	-5.8931347	Max
9	0.513	-10.186341	Max
9	0.001	-8.4184983	Max
9	9.9998	-5.8467734	Max
8.5	0.581	-10.669475	Max
8.5	0.001	-9.0757173	Max
8.5	9.9998	-5.797764	Max
8	0.581	-10.61714	Max
8	0.001	-9.2232231	Max
8	9.9998	-5.745785	Max
7.5	0.5808	-10.561285	Max
7.5	0.001	-9.1672871	Max
7.5	9.9998	-5.6904526	Max
7	0.5808	-10.501339	Max
7	0.001	-9.1071977	Max
7	9.9998	-5.6313034	Max
6.5	0.5808	-10.436541	Max
6.5	0.001	-9.0421261	Max
6.5	9.9998	-5.5677715	Max
6	0.5808	-10.365804	Max
6	0.001	-8.970834	Max
6	9.9998	-5.499155	Max
5.5	0.5806	-10.287455	Max
5.5	0.001	-8.8912587	Max
5.5	9.9998	-5.4245691	Max
5	0.58	-10.198607	Max
5	0.001	-8.799449	Max
5	9.9998	-5.3428758	Max
