40	0.0422	-9.5951731	Min
37	0.0422	-9.469009	Min
50	0.0422	-9.9693559	Min
32	0.0422	-9.2481261	Min
30	0.0422	-9.1591516	Min
28	0.0422	-9.0732007	Min
25	0.0422	-8.9599485	Min
22	0.0422	-8.8908308	Min
20	0.0422	-8.8951508	Min
19	0.0422	-8.9224947	Min
18	0.0422	-8.9736243	Min
17	0.0424	-9.0559361	Min
16	0.0424	-9.1793006	Min
15	0.0424	-9.3569515	Min
14	0.0424	-9.6065966	Min
13	0.0424	-9.9516487	Min
12	0.0426	-10.422279	Min
11.5	0.0426	-10.716077	Min
11	0.0426	-11.055795	Min
10.5	0.0428	-11.447116	Min
10	0.0428	-11.89605	Min
9.5	0.043	-12.408896	Min
9	0.043	-12.992247	Min
8.5	0.0432	-13.652948	Min
8	0.0422	-13.769209	Min
7.5	0.0422	-13.713279	Min
7	0.0422	-13.653201	Min
6.5	0.0422	-13.58815	Min
6	0.0422	-13.516902	Min
5.5	0.0422	-13.437425	Min
5	0.0422	-13.345864	Min
