20	3.1158	-2.6378731	Min
20	0.001	17.641406	Max
20	9.9998	10.745323	Max
4	2.8512	-11.001838	Min
4	0.001	8.5936667	Max
4	9.9998	3.446267	Max
10	5.2638	-9.5026154	Min
10	0.001	16.165032	Max
10	9.9998	3.0250389	Max
12	3.4542	-3.5217011	Min
12	0.001	17.191606	Max
12	9.9998	3.0089212	Max
14	3.1826	-2.8909321	Min
14	0.001	17.491099	Max
14	9.9998	9.0326513	Max
11	7.2638	-5.4936405	Min
11	0.001	16.842944	Max
11	9.9998	3.0169527	Max
9	3.264	-11.3529	Min
9	0.001	14.742566	Max
9	9.9998	3.0332276	Max
11.5	3.728	-3.9243326	Min
11.5	7.6174	-2.6624594	Max
11.5	8.2638	-2.7758438	Min
11.5	0.001	17.044388	Max
11.5	9.9998	3.0129316	Max
11.6	3.6512	-3.8260096	Min
11.6	7.9966	-2.1152684	Max
11.6	8.4638	-2.1777709	Min
11.6	0.001	17.077557	Max
11.6	9.9998	3.0121287	Max
11.4	3.8246	-4.0351899	Min
11.4	7.2166	-3.1735121	Max
11.4	8.0638	-3.3559001	Min
11.4	0.001	17.009076	Max
11.4	9.9998	3.0137349	Max
11.7	3.5886	-3.738031	Min
11.7	8.3602	-1.5341472	Max
11.7	8.6638	-1.5617827	Min
11.7	0.001	17.108732	Max
11.7	9.9998	3.0113263	Max
11.3	3.952	-4.1617397	Min
11.3	6.7836	-3.6452736	Max
11.3	7.8638	-3.9178308	Min
11.3	0.001	16.97146	Max
11.3	9.9998	3.0145387	Max
11.2	4.1344	-4.3090674	Min
11.2	6.2942	-4.0726916	Max
11.2	7.6638	-4.4615179	Min
11.2	0.001	16.931363	Max
11.2	9.9998	3.0153429	Max
11.1	4.4586	-4.487605	Min
11.1	5.662	-4.4453987	Max
11.1	7.4638	-4.9868339	Min
11.1	0.001	16.888595	Max
11.1	9.9998	3.0161476	Max
11.8	3.5362	-3.6587773	Min
11.8	8.7118	-0.92075431	Max
11.8	8.8638	-0.92797335	Min
11.8	0.001	17.13805	Max
11.8	9.9998	3.0105242	Max
11.9	3.492	-3.5869987	Min
11.9	9.0536	-0.27639617	Max
11.9	9.0638	-0.27643028	Min
11.9	0.001	17.165636	Max
11.9	9.9998	3.0097225	Max
8	2.8512	-11.406449	Min
8	0.001	11.652761	Max
8	9.9998	3.0416555	Max
7	2.8512	-11.397364	Min
7	0.001	8.1981406	Max
7	9.9998	3.0507409	Max
6	2.8512	-11.386065	Min
6	0.001	8.2094397	Max
6	9.9998	3.06204	Max
16	3.1342	-2.716915	Min
16	0.001	17.592228	Max
16	9.9998	10.398155	Max
