20	3.1158	-2.6378731	Min
4	2.8512	-11.001838	Min
10	5.2638	-9.5026154	Min
12	3.4542	-3.5217011	Min
14	3.1826	-2.8909321	Min
11	7.2638	-5.4936405	Min
9	3.264	-11.3529	Min
11.5	3.728	-3.9243326	Min
11.5	8.2638	-2.7758438	Min
11.6	3.6512	-3.8260096	Min
11.6	8.4638	-2.1777709	Min
11.4	3.8246	-4.0351899	Min
11.4	8.0638	-3.3559001	Min
11.7	3.5886	-3.738031	Min
11.7	8.6638	-1.5617827	Min
11.3	3.952	-4.1617397	Min
11.3	7.8638	-3.9178308	Min
11.2	4.1344	-4.3090674	Min
11.2	7.6638	-4.4615179	Min
11.1	4.4586	-4.487605	Min
11.1	7.4638	-4.9868339	Min
11.8	3.5362	-3.6587773	Min
11.8	8.8638	-0.92797335	Min
11.9	3.492	-3.5869987	Min
11.9	9.0638	-0.27643028	Min
8	2.8512	-11.406449	Min
7	2.8512	-11.397364	Min
6	2.8512	-11.386065	Min
16	3.1342	-2.716915	Min
