20	0.001	17.641406	Max
20	9.9998	10.745323	Max
4	0.001	8.5936667	Max
4	9.9998	3.446267	Max
10	0.001	16.165032	Max
10	9.9998	3.0250389	Max
12	0.001	17.191606	Max
12	9.9998	3.0089212	Max
14	0.001	17.491099	Max
14	9.9998	9.0326513	Max
11	0.001	16.842944	Max
11	9.9998	3.0169527	Max
9	0.001	14.742566	Max
9	9.9998	3.0332276	Max
11.5	7.6174	-2.6624594	Max
11.5	0.001	17.044388	Max
11.5	9.9998	3.0129316	Max
11.6	7.9966	-2.1152684	Max
11.6	0.001	17.077557	Max
11.6	9.9998	3.0121287	Max
11.4	7.2166	-3.1735121	Max
11.4	0.001	17.009076	Max
11.4	9.9998	3.0137349	Max
11.7	8.3602	-1.5341472	Max
11.7	0.001	17.108732	Max
11.7	9.9998	3.0113263	Max
11.3	6.7836	-3.6452736	Max
11.3	0.001	16.97146	Max
11.3	9.9998	3.0145387	Max
11.2	6.2942	-4.0726916	Max
11.2	0.001	16.931363	Max
11.2	9.9998	3.0153429	Max
11.1	5.662	-4.4453987	Max
11.1	0.001	16.888595	Max
11.1	9.9998	3.0161476	Max
11.8	8.7118	-0.92075431	Max
11.8	0.001	17.13805	Max
11.8	9.9998	3.0105242	Max
11.9	9.0536	-0.27639617	Max
11.9	0.001	17.165636	Max
11.9	9.9998	3.0097225	Max
8	0.001	11.652761	Max
8	9.9998	3.0416555	Max
7	0.001	8.1981406	Max
7	9.9998	3.0507409	Max
6	0.001	8.2094397	Max
6	9.9998	3.06204	Max
16	0.001	17.592228	Max
16	9.9998	10.398155	Max
