40	0.0744	-10.700511	Min
40	3.1644	-12.150679	Min
37	0.0744	-10.554744	Min
37	3.1656	-12.00635	Min
50	0.0744	-11.188135	Min
50	3.163	-12.636186	Min
32	0.0744	-10.333424	Min
32	3.169	-11.789563	Min
30	0.0744	-10.260635	Min
30	3.1714	-11.719998	Min
28	0.0744	-10.203256	Min
28	3.175	-11.667314	Min
25	0.0744	-10.160354	Min
25	3.1842	-11.636167	Min
22	0.0744	-10.19747	Min
22	3.2018	-11.695815	Min
20	0.0744	-10.289244	Min
20	3.2226	-11.813979	Min
19	0.0746	-10.362262	Min
19	3.2376	-11.905706	Min
18	0.0746	-10.457391	Min
18	3.2566	-12.024652	Min
17	0.0746	-10.578258	Min
17	3.2812	-12.175895	Min
16	0.0746	-10.729064	Min
16	3.3126	-12.365476	Min
15	0.0746	-10.91466	Min
15	3.3528	-12.600538	Min
14	0.0746	-11.140613	Min
14	3.4042	-12.889431	Min
13	0.0748	-11.413246	Min
13	3.4694	-13.24173	Min
12	0.0748	-11.739619	Min
12	3.5506	-13.66802	Min
11.5	0.0748	-11.925336	Min
11.5	3.5978	-13.91235	Min
11	0.075	-12.127391	Min
11	3.6496	-14.179232	Min
10.5	0.075	-12.34678	Min
10.5	3.7058	-14.469817	Min
10	0.075	-12.584465	Min
10	3.2638	-14.731621	Min
9.5	0.0752	-12.841344	Min
9.5	2.9366	-14.686709	Min
9	0.0752	-13.118192	Min
9	2.9382	-14.609005	Min
8.5	0.0752	-13.41557	Min
8.5	2.9404	-14.526055	Min
8	0.0738	-13.3972	Min
8	2.9432	-14.437049	Min
7.5	0.0738	-13.293777	Min
7.5	2.947	-14.340986	Min
7	0.0738	-13.178784	Min
7	2.9524	-14.236611	Min
6.5	0.074	-13.048801	Min
6.5	2.9598	-14.122341	Min
6	0.074	-12.898686	Min
6	2.9702	-13.996162	Min
5.5	0.074	-12.720316	Min
5.5	2.9852	-13.855508	Min
5	0.0742	-12.500014	Min
5	3.0066	-13.697107	Min
