40	0.4276	-9.4514927	Max
40	0.001	-2.6976127	Max
40	9.9998	-3.5674582	Max
37	0.4276	-9.3058636	Max
37	0.001	-2.5518184	Max
37	9.9998	-3.4284121	Max
50	0.4278	-9.9389137	Max
50	0.001	-3.1852782	Max
50	9.9998	-4.0453407	Max
32	0.4276	-9.0849739	Max
32	0.001	-2.3304116	Max
32	9.9998	-3.2287819	Max
30	0.4276	-9.0124889	Max
30	0.001	-2.2575615	Max
30	9.9998	-3.1717875	Max
28	0.4274	-8.9555499	Max
28	0.001	-2.2000943	Max
28	9.9998	-3.1378273	Max
25	0.4272	-8.9137372	Max
25	0.001	-2.1569722	Max
25	9.9998	-3.1551628	Max
22	0.4268	-8.9529099	Max
22	0.001	-2.1936747	Max
22	9.9998	-3.3114686	Max
20	0.4264	-9.0470524	Max
20	0.001	-2.2849723	Max
20	9.9998	-3.5456037	Max
19	0.426	-9.1217281	Max
19	0.001	-2.3576563	Max
19	9.9998	-3.7199577	Max
18	0.4256	-9.2189455	Max
18	0.001	-2.4523635	Max
18	9.9998	-3.9435682	Max
17	0.4252	-9.342445	Max
17	0.001	-2.5726977	Max
17	9.9998	-4.226396	Max
16	0.4246	-9.4965686	Max
16	0.001	-2.7228314	Max
16	9.9998	-4.5794762	Max
15	0.4238	-9.6863363	Max
15	0.001	-2.9075802	Max
15	9.9998	-5.0143312	Max
14	0.4228	-9.9175129	Max
14	0.001	-3.1324687	Max
14	9.9998	-5.5419038	Max
13	0.4216	-10.196644	Max
13	0.001	-3.4037708	Max
13	9.9998	-5.8893311	Max
12	0.42	-10.53102	Max
12	0.001	-3.7284931	Max
12	9.9998	-5.7807272	Max
11.5	0.4192	-10.721373	Max
11.5	0.001	-3.9132483	Max
11.5	9.9998	-5.7230025	Max
11	0.4182	-10.928516	Max
11	0.001	-4.114244	Max
11	9.9998	-5.6627208	Max
10.5	0.4172	-11.153459	Max
10.5	0.001	-4.3324687	Max
10.5	9.9998	-5.599641	Max
10	0.416	-11.397168	Max
10	0.001	-4.5688846	Max
10	9.9998	-5.5334877	Max
9.5	0.4148	-11.660531	Max
9.5	0.001	-4.8243894	Max
9.5	9.9998	-5.4639451	Max
9	0.4136	-11.944284	Max
9	0.001	-5.0997604	Max
9	9.9998	-5.390648	Max
8.5	0.4384	-12.184006	Max
8.5	0.001	-5.3955745	Max
8.5	9.9998	-5.3131723	Max
8	0.4384	-12.090519	Max
8	0.001	-5.4064137	Max
8	9.9998	-5.2310204	Max
7.5	0.4382	-11.988171	Max
7.5	0.001	-5.3027718	Max
7.5	9.9998	-5.143604	Max
7	0.4378	-11.874787	Max
7	0.001	-5.187449	Max
7	9.9998	-5.05022	Max
6.5	0.4374	-11.747288	Max
6.5	0.001	-5.0569493	Max
6.5	9.9998	-4.9500175	Max
6	0.4366	-11.601158	Max
6	0.001	-4.9059935	Max
6	9.9998	-4.8419511	Max
5.5	0.4354	-11.429475	Max
5.5	0.001	-4.7261887	Max
5.5	9.9998	-4.7247141	Max
5	0.4334	-11.221036	Max
5	0.001	-4.5032723	Max
5	9.9998	-4.5966373	Max
